time,duration / s,Lat,Lon,temperature / C,pressure / hPa,humidity / %,CO2 / ppm,SO2 / ppm
18:38:05,0,38.41515667,14.95335167,11.54,1000.43,44.77,481.4338148,0.296206618
18:38:07,2,38.41515167,14.953405,11.43,999.04,45.12,480.4804805,0.001614205
18:38:09,4,38.41517333,14.95345,11.33,997.67,45.31,479.5271462,-1.020177563
18:38:11,6,38.415195,14.953485,11.22,996.26,45.55,479.5271462,0.611783697
18:38:13,8,38.41518833,14.95350833,11.07,994.84,45.8,476.6671433,0.10330912
18:38:15,10,38.41518333,14.95356167,10.99,993.38,45.8,473.8071405,0.014527845
18:38:17,12,38.415185,14.95364,10.87,991.92,45.94,473.8071405,-0.200161421
18:38:19,14,38.41518667,14.95371333,10.79,990.45,45.84,470.9471376,0.269572236
18:38:21,16,38.41518667,14.95378167,10.68,989.05,45.7,468.0871348,0.577885391
18:38:23,18,38.41516833,14.95377,10.57,988.4,45.85,468.0871348,-0.475383374
18:38:25,20,38.41516667,14.95378667,10.49,988.62,46.54,465.2271319,0.691686844
18:38:27,22,38.41510333,14.95383833,10.42,988.71,46.72,462.367129,-0.597255851
18:38:29,24,38.41495667,14.95394667,10.4,988.56,46.92,457.6004576,0.104116223
18:38:31,26,38.41478,14.954075,10.38,988.43,46.87,457.6004576,-0.410008071
18:38:33,28,38.41459833,14.95421167,10.36,988.48,47.02,451.8804519,-0.231638418
18:38:35,30,38.414425,14.95435,10.33,988.49,47.06,451.8804519,0.150928168
18:38:37,32,38.41425667,14.95448667,10.3,988.47,47.15,446.1604462,-0.377723971
18:38:39,34,38.41406167,14.95461,10.31,988.43,47.29,437.5804376,0.365617433
18:38:41,36,38.41385,14.95472667,10.28,988.4,47.51,437.5804376,-0.597255851
18:38:43,38,38.41364667,14.95483333,10.25,988.45,47.75,428.0470947,-0.001614205
18:38:45,40,38.41343333,14.95494167,10.23,988.42,48.25,418.5137518,0.12267958
18:38:47,42,38.413205,14.95507167,10.23,988.4,48.48,418.5137518,-0.081517353
18:38:49,44,38.41296667,14.95520667,10.2,988.34,48.68,409.9337433,0.12267958
18:38:51,46,38.41274167,14.955325,10.21,988.44,48.67,401.3537347,-0.047619048
18:38:53,48,38.412535,14.95543167,10.21,988.55,48.57,401.3537347,-0.08393866
18:38:55,50,38.41234333,14.95553333,10.17,988.52,49.76,395.633729,-0.131557708
18:38:57,52,38.41214833,14.95564333,10.18,988.5,50.23,391.8203918,-0.030669895
18:38:59,54,38.41195333,14.95575,10.16,988.41,50.43,391.8203918,0.005649718
18:39:01,56,38.411765,14.95584667,10.13,988.43,50.53,389.9137232,-0.083131558
18:39:03,58,38.41157167,14.95594833,10.14,988.31,50.53,389.9137232,-0.016949153
18:39:05,60,38.41137833,14.95604833,10.13,988.44,50.46,389.9137232,-0.416464891
18:39:07,62,38.411185,14.95614833,10.12,988.47,50.2,391.8203918,-0.095238095
18:39:09,64,38.41097,14.95626,10.09,988.38,50.34,394.6803947,-0.685230024
18:39:11,66,38.41073833,14.95638,10.09,988.29,50.16,394.6803947,-0.815173527
18:39:13,68,38.41049667,14.95650333,10.1,988.32,50.31,396.5870633,-0.11622276
18:39:15,70,38.41024833,14.95663,10.1,988.2,50.67,398.4937318,-0.000807103
18:39:17,72,38.41001,14.95675,10.12,988.11,51.32,398.4937318,-0.292171106
18:39:19,74,38.40980167,14.95684667,10.12,988.42,51.39,399.4470661,-0.046811945
18:39:21,76,38.40960667,14.95695167,10.09,988.47,51.24,400.4004004,-0.504439064
18:39:23,78,38.40941333,14.95705,10.1,988.42,51.25,400.4004004,-0.092009685
18:39:25,80,38.40922167,14.95715,10.1,988.33,51.61,400.4004004,0.049233253
18:39:27,82,38.40902167,14.95724667,10.08,988.43,51.76,400.4004004,-0.439063761
18:39:29,84,38.40882167,14.95733833,10.09,988.48,51.71,400.4004004,-0.433414044
18:39:31,86,38.40863167,14.95743167,10.08,988.42,51.62,400.4004004,-0.387409201
18:39:33,88,38.40841667,14.95754,10.04,988.27,51.44,399.4470661,0.124293785
18:39:35,90,38.408185,14.957655,10.07,988.26,50.81,399.4470661,-0.899112187
18:39:37,92,38.40794333,14.95777333,10.08,988.25,50.56,399.4470661,-0.92251816
18:39:39,94,38.40770667,14.95789667,10.11,988.22,50.31,400.4004004,0.08716707
18:39:41,96,38.40748833,14.95800167,10.13,988.36,50.5,400.4004004,-0.489911219
18:39:43,98,38.40727167,14.958115,10.13,988.28,50.6,401.3537347,-0.708635997
18:39:45,100,38.407075,14.95821333,10.14,988.42,49.6,402.307069,-0.05811138
18:39:47,102,38.40689,14.958315,10.14,988.45,48.98,402.307069,-0.17433414
18:39:49,104,38.40670833,14.95840667,10.15,988.48,48.39,404.2137375,-0.505246166
18:39:51,106,38.40653,14.958495,10.16,988.47,49.08,407.0737404,-0.005649718
18:39:53,108,38.40634833,14.95858167,10.1,988.35,50.16,407.0737404,-0.062953995
18:39:55,110,38.40618167,14.95865833,10.21,988.57,52.07,408.980409,0.17756255
18:39:57,112,38.40614,14.95865667,10.18,988.26,51.83,412.7937461,0.315577078
18:39:59,114,38.406145,14.95865667,10.18,988.86,52.85,412.7937461,0.651331719
18:40:01,116,38.40614833,14.95865167,10.33,988.58,54.44,417.5604176,1.197740113
18:40:03,118,38.40615,14.95865167,10.4,988.58,55.32,424.2337576,2.205004036
18:40:05,120,38.40615,14.95865167,10.48,988.61,55.84,424.2337576,3.619047619
18:40:07,122,38.40615,14.95865167,10.52,988.54,54.45,431.8604319,4.146085553
18:40:09,124,38.40615,14.95865167,10.61,-158.67,55.36,442.347109,2.86117837
18:40:11,126,38.40615,14.95865167,10.68,988.49,54.7,442.347109,4.707021792
18:40:13,128,38.40615,14.95865167,10.68,988.33,54.44,453.7871205,4.475383374
18:40:15,130,38.40615,14.95865167,10.84,988.52,54.15,465.2271319,5.195318805
18:40:17,132,38.40615,14.95865167,10.92,988.48,53.97,465.2271319,5.287328491
18:40:19,134,38.40615,14.95865167,10.84,988.35,53.02,477.6204776,4.827280065
18:40:21,136,38.40615,14.95865167,11.04,988.53,54.03,488.1071548,4.615012107
18:40:23,138,38.40615,14.95865167,11.03,988.35,54.11,488.1071548,4.814366425
18:40:25,140,38.40615,14.95865167,11.18,988.52,53.72,497.6404976,4.939467312
18:40:27,142,38.40615,14.95865167,11.21,988.51,51.5,505.2671719,5.100887813
18:40:29,144,38.40615,14.95865167,11.27,988.47,50.53,505.2671719,4.288942696
18:40:31,146,38.40615,14.95865167,11.34,988.48,49.66,510.9871777,2.360774818
18:40:33,148,38.40615,14.95865167,11.25,988.31,49.39,514.8005148,3.062146893
18:40:35,150,38.40615,14.95865167,11.38,988.49,49.25,514.8005148,2.206618241
18:40:37,152,38.40615,14.95865167,11.4,988.48,48.94,516.7071834,1.580306699
18:40:39,154,38.40615,14.95865167,11.33,988.4,48.85,517.6605177,0.0968523
18:40:41,156,38.40615,14.95865167,11.33,988.57,48.83,517.6605177,1.520581114
18:40:43,158,38.40615,14.95865167,11.28,988.52,49.65,517.6605177,1.404358354
18:40:45,160,38.40615,14.95865167,11.39,988.67,49.04,517.6605177,1.244552058
18:40:47,162,38.40615,14.95865167,11.35,988.54,48.93,517.6605177,0.744955609
18:40:49,164,38.40615833,14.95865,11.37,988.67,48.84,516.7071834,1.06133979
18:40:51,166,38.40615667,14.95865,11.42,988.67,49.38,515.7538491,0.436642454
18:40:53,168,38.40615667,14.95865,11.23,988.43,48.96,515.7538491,0.523809524
18:40:55,170,38.40615667,14.95865,11.43,988.68,48.58,513.8471805,0.719128329
18:40:57,172,38.40615667,14.95865,184.42,988.53,48.38,512.8938462,0.276029056
18:40:59,174,38.40615667,14.95865,11.49,988.67,48.3,512.8938462,0.700564972
18:41:01,176,38.40615667,14.95865,11.51,988.7,48.26,510.9871777,0.301856336
18:41:03,178,38.40615667,14.95865,11.55,988.54,48.2,510.0338434,0.004842615
18:41:05,180,38.40615667,14.95865,11.53,988.56,49.55,510.0338434,0.09039548
18:41:07,182,38.40615667,14.95865167,11.36,988.52,50.02,509.0805091,1.06779661
18:41:09,184,38.40608667,14.95875333,11.17,988.27,49.16,508.1271748,0.956416465
18:41:11,186,38.40598333,14.95889,11.23,988.31,50.63,508.1271748,1.456820016
18:41:13,188,38.40588,14.959025,11.21,988.3,50.75,507.1738405,1.791767554
18:41:15,190,38.40577833,14.95917,11.16,988.35,51.94,505.2671719,2.226795803
18:41:17,192,38.40568,14.95931,11.07,988.23,51.2,505.2671719,2.481033091
18:41:19,194,38.40564667,14.95934,11.09,988.55,51.17,504.3138376,2.786117837
18:41:21,196,38.40564833,14.95933333,11,988.66,51.16,503.3605034,2.515738499
18:41:23,198,38.40565333,14.95933167,10.87,988.59,51.23,503.3605034,2.409200969
18:41:25,200,38.40565167,14.95933167,10.89,988.45,51.42,502.4071691,2.12590799
18:41:27,202,38.40565167,14.95933167,10.93,988.53,51.41,503.3605034,2.858757062
18:41:29,204,38.40565167,14.95934,10.87,988.46,50.38,503.3605034,2.695722357
18:41:31,206,38.40563833,14.95941167,10.95,988.33,52.67,504.3138376,3.0645682
18:41:33,208,38.40562333,14.95949833,10.99,988.58,51.65,506.2205062,3.502017756
18:41:35,210,38.40561167,14.95956167,11.04,988.48,51.63,506.2205062,3.058918483
18:41:37,212,38.40560833,14.95960833,11.46,-158.67,51.02,510.0338434,1.725585149
18:41:39,214,38.40560333,14.95963667,11.15,988.36,50.51,513.8471805,2.95480226
18:41:41,216,38.40559833,14.95964833,11.2,988.39,50.44,513.8471805,1.97094431
18:41:43,218,38.40559667,14.95965667,11.25,988.39,50.31,517.6605177,2.389830508
18:41:45,220,38.40559333,14.95966667,11.3,988.25,50.02,517.6605177,2.062953995
18:41:47,222,38.40559167,14.959665,11.33,988.23,49.76,521.4738548,1.721549637
18:41:49,224,38.405605,14.95965833,11.4,988.44,49.71,525.287192,1.971751412
18:41:51,226,38.40565667,14.959655,11.38,988.54,49.82,525.287192,1.347861178
18:41:53,228,38.40572167,14.95966333,11.37,988.61,50.7,527.1938605,1.11622276
18:41:55,230,38.40579333,14.95967833,11.3,988.66,51.8,527.1938605,2.246166263
18:41:57,232,38.405875,14.95969333,11.2,988.45,51.36,529.1005291,2.075060533
18:41:59,234,38.40596667,14.959705,11.19,988.81,51.31,531.0071977,3.130750605
18:42:01,236,38.406035,14.95972167,11.14,988.41,53.34,531.960532,3.037126715
18:42:03,238,38.40602,14.95972167,11.32,988.58,53.8,531.960532,4.554479419
18:42:05,240,38.40600833,14.95970667,11.38,988.56,54.65,533.8672005,4.579499596
18:42:09,244,38.40595333,14.95968833,11.39,988.19,54.89,536.7272034,6.366424536
18:42:11,246,38.40589,14.95966833,11.45,988.33,53.89,536.7272034,6.778046812
18:42:13,248,38.40584833,14.95965,11.47,988.35,51.68,543.4005434,6.213882163
18:42:15,250,38.40584167,14.95964,11.51,988.51,52.28,543.4005434,5.962873285
18:42:17,252,38.40584167,14.95963333,11.53,988.46,51.78,548.1672148,5.324455206
18:42:19,254,38.40584167,14.95963333,11.55,988.43,51.77,552.9338863,5.533494754
18:42:21,256,38.40584167,14.95963333,11.52,988.32,51.62,552.9338863,5.301856336
18:42:23,258,38.40584167,14.95963333,11.58,988.41,51.97,556.7472234,5.249394673
18:42:25,260,38.40584167,14.95963333,11.63,988.44,52.21,561.5138948,5.345439871
18:42:27,262,38.40584167,14.95963333,11.63,988.42,51.36,561.5138948,5.238902341
18:42:29,264,38.40584167,14.95963333,11.61,988.47,50.89,565.327232,5.040355125
18:42:31,266,38.40584167,14.95963333,11.63,988.37,51.89,569.1405691,4.284907183
18:42:33,268,38.40584167,14.95963333,11.69,988.43,51.6,569.1405691,4.810330912
18:42:35,270,38.40584167,14.95963333,11.61,988.23,52.24,571.0472377,4.191283293
18:42:37,272,38.40584167,14.95963333,11.75,988.44,51.99,573.9072406,4.894269572
18:42:39,274,38.40584167,14.95963333,11.77,988.47,51.72,573.9072406,5.094430993
18:42:41,276,38.40584167,14.95963333,11.81,988.46,52.49,575.8139091,5.536723164
18:42:43,278,38.40584167,14.95963333,11.81,988.47,50.74,576.7672434,5.470540759
18:42:45,280,38.40584167,14.95963333,11.84,988.46,52.67,576.7672434,5.538337369
18:42:47,282,38.40584167,14.95963333,11.8,988.4,51.1,579.6272463,5.16464891
18:42:49,284,38.40584167,14.95963333,11.73,988.38,50.49,580.5805806,5.546408394
18:42:51,286,38.40584167,14.95963333,11.65,1261.76,51.21,580.5805806,4.500403551
18:42:53,288,38.40584167,14.95963333,11.75,988.35,50.84,582.4872492,4.666666667
18:42:55,290,38.40585,14.95963667,11.61,988.42,50.55,585.347252,3.847457627
18:42:57,292,38.40595667,14.95963667,11.51,989.05,49.77,585.347252,3.561743341
18:42:59,294,38.40613,14.95965333,11.26,989.04,49.52,587.2539206,3.463276836
18:43:01,296,38.40632833,14.95968833,11.3,988.84,51.73,588.2072549,2.146892655
18:43:03,298,38.40645333,14.95973,11.15,988.7,49.92,588.2072549,3.246166263
18:43:05,300,38.406455,14.95973,11.2,988.55,49.45,588.2072549,3.143664245
18:43:07,302,38.40645,14.95978833,11.14,988.41,49.29,588.2072549,2.8385795
18:43:09,304,38.406435,14.959915,11.07,988.32,49.29,588.2072549,2.401937046
18:43:11,306,38.40641833,14.96006167,10.96,988.25,49.66,585.347252,-0.317998386
18:43:13,308,38.40640167,14.96021333,11.13,988.25,53.72,581.5339149,2.546408394
18:43:15,310,38.40640167,14.960295,11.14,988.31,52.91,581.5339149,3.232445521
18:43:17,312,38.40636667,14.96027667,11.2,988.18,52.99,577.7205777,3.612590799
18:43:19,314,38.40629667,14.96025333,11.25,988.12,53.46,573.9072406,3.94834544
18:43:21,316,38.40624667,14.96024,11.27,988.43,53.19,573.9072406,4.087974173
18:43:23,318,38.40623667,14.96028667,11.22,988.33,54.07,569.1405691,4.231638418
18:43:25,320,38.40622,14.96039,11.36,988.39,55.08,566.2805663,5.170298628
18:43:27,322,38.40620167,14.9605,11.31,988.43,53,566.2805663,5.84503632
18:43:29,324,38.40617,14.96055333,11.34,988.62,50.57,567.2339006,5.138014528
18:43:31,326,38.40616333,14.960555,11.45,988.57,54.25,567.2339006,4.878127522
18:43:33,328,38.40616167,14.960555,11.28,988.47,51.56,567.2339006,5.585149314
18:43:35,330,38.40616333,14.960555,11.26,988.55,50.15,570.0939034,4.979822437
18:43:37,332,38.40616333,14.960555,11.29,988.59,51.42,574.8605749,4.494753834
18:43:39,334,38.40616,14.960585,11.21,988.58,50.5,574.8605749,3.985472155
18:43:41,336,38.40615167,14.96060667,11.28,988.59,52.53,577.7205777,4.114608555
18:43:43,338,38.406145,14.96060333,11.3,988.47,55.85,580.5805806,4.816787732
18:43:45,340,38.40613833,14.96060167,11.3,988.61,56.44,580.5805806,7.458434221
18:43:47,342,38.40613833,14.96060167,11.26,988.52,53.46,583.4405834,8.137207425
18:43:49,344,38.40613833,14.96060333,11.22,988.47,50.93,586.3005863,7.614205004
18:43:51,346,38.40614,14.960605,11.19,988.65,49.95,586.3005863,6.81920904
18:43:53,348,38.40613833,14.960605,11.38,988.55,56.17,586.3005863,6.362389023
18:43:55,350,38.40614,14.96060667,11.39,988.5,57.8,588.2072549,7.84826473
18:43:57,352,38.40614,14.96060833,11.39,988.44,58.31,588.2072549,9.391444713
18:43:59,354,38.40614167,14.96061167,11.52,988.56,58.73,591.0672577,10.53833737
18:44:01,356,38.40614,14.96061,11.58,988.55,59.49,594.8805949,11.71589992
18:44:03,358,38.40614,14.96060833,11.65,988.59,59.72,594.8805949,12.50928168
18:44:05,360,38.40614,14.96060833,11.67,988.6,58.94,600.6006006,13.58757062
18:44:07,362,38.40613833,14.96061,11.71,988.62,58.56,607.2739406,13.7756255
18:44:09,364,38.40612667,14.96064,11.85,988.47,61.17,607.2739406,14.13478612
18:44:11,366,38.4061,14.960725,11.81,988.55,59.91,616.8072835,15.73042776
18:44:13,368,38.40611167,14.96074167,11.93,988.99,59.11,626.3406263,15.99596449
18:44:15,370,38.40612833,14.96073667,11.91,988.64,58.12,626.3406263,15.98870056
18:44:17,372,38.40612,14.96071833,11.89,988.51,56.43,638.7339721,16.00564972
18:44:19,374,38.40612333,14.96071167,12.11,987.94,59.56,650.1739835,15.94592413
18:44:21,376,38.40613,14.96071,12.22,987.59,62.04,650.1739835,16.00242131
18:44:23,378,38.40612833,14.96070333,12.2,987.58,61.48,663.5206635,16
18:44:25,380,38.40607667,14.96069,12.09,987.21,58.87,675.9140092,15.99515738
18:44:27,382,38.40602,14.96067833,12.16,987.53,56.16,675.9140092,15.99757869
18:44:29,384,38.40599667,14.96067333,12.15,987.44,56.14,689.2606893,16.00564972
18:44:31,386,38.40596167,14.96065833,12.27,987.62,57.5,700.7007007,15.99677159
18:44:33,388,38.40595667,14.96065333,12,987.63,52.85,700.7007007,15.94592413
18:44:35,390,38.40593,14.960645,11.69,987.05,50.6,712.1407121,13.64729621
18:44:37,392,38.40592167,14.96064167,11.91,987.61,49.54,721.674055,11.43664245
18:44:39,394,38.405915,14.96063667,11.77,987.54,51.9,721.674055,9.066989508
18:44:41,396,38.40590667,14.96063,11.72,987.57,52.87,728.347395,9.069410815
18:44:43,398,38.40588833,14.96062667,11.78,987.52,54.95,734.0674007,8.830508475
18:44:45,400,38.40589,14.96063,11.71,987.14,55.3,734.0674007,9.08071025
18:44:47,402,38.4059,14.96063667,11.73,986.87,56.69,735.9740693,9.564971751
18:44:49,404,38.40590667,14.96063333,11.69,986.53,57.49,737.8807379,10.31799839
18:44:51,406,38.40595333,14.96064833,11.72,986.76,56.63,737.8807379,10.73446328
18:44:53,408,38.40608667,14.96066667,11.64,986.36,55.52,737.8807379,10.34059726
18:44:55,410,38.40622,14.96069,11.63,986.89,55.57,736.9274036,10.53995157
18:44:57,412,38.40627667,14.960705,11.41,987.13,51.68,736.9274036,10.37126715
18:44:59,414,38.40638167,14.96072833,11.13,986.8,50.45,735.020735,9.198547215
18:45:01,416,38.40652167,14.96076,11,987.16,50.33,731.2073979,7.627925747
18:45:03,418,38.40663,14.96077833,10.71,986.85,50.46,731.2073979,6.143664245
18:45:05,420,38.40666,14.96077667,10.81,986.71,50.42,727.3940607,4.709443099
18:45:07,422,38.40665333,14.96077,10.73,986.39,50.3,721.674055,4.120258273
18:45:09,424,38.40664833,14.960805,10.64,986.25,50.29,721.674055,3.440677966
18:45:11,426,38.40663333,14.960895,10.62,986.44,50.5,714.0473807,2.89023406
18:45:13,428,38.40662833,14.96092833,10.5,986.29,50.63,714.0473807,2.205004036
18:45:15,430,38.40662,14.961045,10.49,986.07,50.74,704.5140378,1.85149314
18:45:17,432,38.40660833,14.961215,10.53,986.01,50.77,694.0273607,1.398708636
18:45:19,434,38.40659,14.96139,10.54,986.07,50.93,694.0273607,1.372881356
18:45:23,438,38.40658,14.96149667,10.55,986.45,50.82,681.634015,1.120258273
18:45:25,440,38.406575,14.96150333,10.52,986.49,50.83,668.287335,0.905569007
18:45:27,442,38.40656833,14.96148667,10.32,986.66,51.25,654.9406549,0.723970944
18:45:29,444,38.40656833,14.96148667,10.07,986.31,51.52,642.5473092,0.557707829
18:45:31,446,38.40656833,14.96148667,10.19,986.66,51.75,642.5473092,-0.201775626
18:45:33,448,38.406555,14.961495,10.07,986.37,51.82,628.2472949,0.037933818
18:45:35,450,38.40651167,14.961545,10.12,986.41,51.88,617.7606178,0.330104923
18:45:37,452,38.40647667,14.961615,10.08,986.37,51.97,617.7606178,0.355932203
18:45:39,454,38.406445,14.961685,10.05,986.38,52,607.2739406,-1.020177563
18:45:41,456,38.40641167,14.961745,10.02,986.37,52.06,596.7872635,0.12590799
18:45:43,458,38.40638,14.961805,10.02,986.41,52.21,596.7872635,-0.466505246
18:45:45,460,38.40634333,14.96187333,9.92,-134.27,51.4,587.2539206,-0.309120258
18:45:47,462,38.40630167,14.96194333,9.98,986.34,52.37,576.7672434,0.01937046
18:45:49,464,38.40626,14.96202,9.97,986.4,52.07,576.7672434,-0.059725585
18:45:51,466,38.406215,14.96210333,9.91,986.34,51.8,568.1872349,0.530266344
18:45:53,468,38.40617167,14.96219667,9.95,986.39,51.72,558.653892,0.479418886
18:45:55,470,38.40612167,14.96229333,9.79,986.14,51.7,558.653892,0.330104923
18:45:57,472,38.40607667,14.96239167,9.87,986.27,51.69,550.0738834,-0.179983858
18:45:59,474,38.40602167,14.9625,9.84,986.29,51.68,541.4938748,-0.192897498
18:46:01,476,38.40596833,14.96261167,9.81,986.23,51.68,541.4938748,0.16464891
18:46:03,478,38.40591833,14.96271667,9.92,986.43,51.76,532.9138662,-0.033091203
18:46:05,480,38.40586333,14.962825,9.92,986.44,51.66,527.1938605,0.269572236
18:46:09,484,38.40581,14.962945,9.87,986.35,51.46,527.1938605,0.517352704
18:46:11,486,38.405755,14.96306167,9.95,986.47,51.6,521.4738548,0.517352704
18:46:13,488,38.40567833,14.96323167,9.99,986.52,51.62,517.6605177,0.444713479
18:46:15,490,38.405675,14.96323167,9.96,986.31,51.56,514.8005148,0.687651332
18:46:17,492,38.40566667,14.963235,9.9,986.21,51.63,512.8938462,0.088781275
18:46:19,494,38.405665,14.96323833,10.08,986.36,51.63,512.8938462,0.565778854
18:46:21,496,38.405665,14.96323833,9.91,1262.39,51.55,511.9405119,0.234866828
18:46:23,498,38.405665,14.96323833,10.07,986.14,51.36,510.0338434,0.11622276
18:46:27,502,38.405665,14.96323833,10.24,986.2,51.24,510.0338434,0.327683616
18:46:29,504,38.405665,14.96323833,10.31,986.33,51.15,509.0805091,0.312348668
18:46:31,506,38.405665,14.96323833,10.38,986.38,51.02,508.1271748,0.259887006
18:46:33,508,38.40566833,14.96318333,10.33,986.3,50.89,508.1271748,0.188861985
18:46:35,510,38.40567,14.96302667,10.42,986.37,50.81,506.2205062,-0.087974173
18:46:37,512,38.405675,14.96286167,10.38,986.29,50.79,506.2205062,-0.753833737
18:46:39,514,38.40568333,14.96267833,10.43,986.39,50.85,504.3138376,0.156577885
18:46:41,516,38.40569167,14.96244667,10.44,986.42,50.77,504.3138376,-0.387409201
18:46:43,518,38.4057,14.9622,10.42,986.38,50.76,504.3138376,0.11945117
18:46:45,520,38.40570833,14.96196833,10.45,986.48,50.77,503.3605034,0.205004036
18:46:47,522,38.40571667,14.96174333,10.51,986.44,52.13,503.3605034,-0.139628733
18:46:49,524,38.40572333,14.96153,10.54,986.4,53.65,503.3605034,0.320419693
18:46:51,526,38.40572833,14.96133167,10.68,986.49,55.59,503.3605034,1.824858757
18:46:53,528,38.40572833,14.96114667,10.73,986.45,56.6,503.3605034,3.617433414
18:46:55,530,38.40572,14.96097667,184.41,1260.99,57.45,503.3605034,4.640032284
18:46:57,532,38.40571167,14.96082167,10.87,986.35,56.95,504.3138376,6.264729621
18:46:59,534,38.40570667,14.96068333,10.85,986.25,100,506.2205062,7.120258273
18:47:01,536,38.40570333,14.96054667,10.89,986.18,55.18,506.2205062,8.179176755
18:47:03,538,38.40569833,14.96040333,10.89,986.22,54.02,509.0805091,6.672316384
18:47:05,540,38.40569833,14.96026,10.89,986.26,52.2,510.9871777,5.551251009
18:47:07,542,38.40569667,14.960115,10.88,986.3,51.63,510.9871777,6.434221146
18:47:09,544,38.40570167,14.95999,10.79,986.21,51.36,515.7538491,5.725585149
18:47:11,546,38.40570333,14.95988167,10.87,986.33,51.66,521.4738548,4.693301049
18:47:13,548,38.405705,14.95978833,10.78,986.24,51.37,521.4738548,3.971751412
18:47:15,550,38.40570333,14.95975833,10.83,986.23,51.21,527.1938605,3.635996772
18:47:17,552,38.40570167,14.95975667,10.89,986.32,52.89,533.8672005,3.489911219
18:47:19,554,38.40570167,14.95975333,10.87,986.19,55.16,533.8672005,4.285714286
18:47:21,556,38.40570167,14.95975333,11.15,986.2,55.83,539.5872063,4.632768362
18:47:23,558,38.40570167,14.95975333,11.4,986.11,55.64,546.2605463,6.200161421
18:47:25,560,38.40570167,14.95975333,11.61,986.18,54.69,546.2605463,6.192897498
18:47:27,562,38.40570167,14.95975333,11.75,986.12,54.06,551.980552,6.92251816
18:47:29,564,38.4057,14.95975,11.63,986.34,53.7,556.7472234,7.689265537
18:47:31,566,38.40570167,14.95975,11.68,986.4,53.17,556.7472234,7.804681195
18:47:33,568,38.405705,14.95975167,11.66,986.41,51.4,559.6072263,7.10653753
18:47:35,570,38.405705,14.95975167,11.65,986.44,100,563.4205634,6.165456013
18:47:37,572,38.405705,14.95975333,11.65,986.37,50.27,563.4205634,5.944309927
18:47:39,574,38.405705,14.95975333,11.65,986.09,49.73,566.2805663,4.163841808
18:47:43,578,38.405705,14.95975,11.92,986.28,49.37,568.1872349,4.641646489
18:47:45,580,38.405705,14.95975,11.7,986.24,49.22,568.1872349,3.999192897
18:47:47,582,38.40570333,14.95974,11.51,986.32,48.61,572.9539063,3.05165456
18:47:49,584,38.40568333,14.95958833,11.33,986.41,48.53,572.9539063,2.0322841
18:47:51,586,38.40565833,14.95940167,11.28,986.44,49.17,572.9539063,2.09362389
18:47:53,588,38.40564333,14.95923167,11.02,986.31,49.7,572.9539063,2.05811138
18:47:55,590,38.40563167,14.95904333,11.06,986.27,49.95,572.9539063,1.774818402
18:47:57,592,38.40561833,14.958845,10.97,986.42,49.98,572.000572,1.793381759
18:47:59,594,38.40560333,14.95864833,10.81,986.18,50.11,572.000572,1.163034705
18:48:01,596,38.40558833,14.95845333,10.82,986.29,50.29,571.0472377,1.419693301
18:48:03,598,38.40557167,14.958255,10.8,986.25,50.45,568.1872349,1.176755448
18:48:05,600,38.40555667,14.95805167,10.74,986.24,50.24,565.327232,1.408393866
18:48:07,602,38.40554333,14.95784333,10.71,986.38,50.37,565.327232,0.320419693
18:48:09,604,38.40552833,14.95763167,10.71,986.33,51.86,565.327232,1.469733656
18:48:11,606,38.405515,14.95741333,10.66,986.45,51.69,562.4672291,1.357546408
18:48:13,608,38.4055,14.95719833,10.57,986.54,51.07,559.6072263,1.705407587
18:48:15,610,38.405485,14.95698667,10.52,986.22,51.09,556.7472234,0.461662631
18:48:17,612,38.40546833,14.95677,10.6,986.44,51.49,554.8405548,1.595641646
18:48:19,614,38.40545,14.956545,10.53,986.38,51.28,554.8405548,1.837772397
18:48:21,616,38.40543167,14.956315,10.53,986.36,51.56,551.980552,1.334140436
18:48:23,618,38.40541333,14.95607333,10.5,986.18,51.84,550.0738834,1.500403551
18:48:25,620,38.40539667,14.95581833,10.55,986.33,51.91,550.0738834,1.429378531
18:48:27,622,38.40539,14.95554667,10.49,986.21,51.78,547.2138805,1.506053269
18:48:29,624,38.40539667,14.95526167,10.48,986.13,100,544.3538777,1.242130751
18:48:31,626,38.405415,14.95496333,10.56,-158.67,49.33,544.3538777,1.05488297
18:48:33,628,38.40544667,14.95465667,10.57,986.24,46.98,541.4938748,0.422114609
18:48:35,630,38.40548167,14.954335,10.65,986.25,46.74,538.633872,1.260694108
18:48:37,632,38.405515,14.954,10.66,986.21,49.13,538.633872,0.815173527
18:48:39,634,38.40554833,14.95366167,10.66,986.21,50.14,534.8205348,0.694915254
18:48:41,636,38.40558333,14.95332,10.69,986.19,49.7,531.960532,0.86763519
18:48:43,638,38.40561667,14.95297833,10.71,986.16,43.76,531.960532,1.372074253
18:48:45,640,38.40565167,14.952635,10.72,986.19,38.03,529.1005291,0.750605327
18:48:47,642,38.40568333,14.95230167,10.76,986.19,37.22,529.1005291,0.875706215
18:48:49,644,38.40569667,14.952165,10.63,985.91,41.41,526.2405262,0.963680387
18:48:51,646,38.405695,14.95215667,10.81,986.4,41.29,523.3805234,0.418886199
18:48:53,648,38.405695,14.95214833,10.63,985.82,39.24,523.3805234,0.843422115
18:48:55,650,38.405695,14.952145,10.78,986.22,36.88,521.4738548,0.305084746
18:48:57,652,38.405695,14.95214667,11.01,986.33,38.81,518.6138519,-0.593220339
18:48:59,654,38.405695,14.95214833,11.03,986.24,38.88,518.6138519,-0.989507667
18:49:01,656,38.40569333,14.95214833,11.17,986.4,38.45,517.6605177,0.333333333
18:49:03,658,38.40570833,14.95222333,11.15,986.2,38.33,515.7538491,-0.598870056
18:49:05,660,38.40575333,14.95240833,11.16,986.05,31.44,515.7538491,-1.020177563
18:49:07,662,38.405805,14.952635,11.22,985.98,27.51,515.7538491,0.408393866
18:49:09,664,38.405865,14.95288667,11.27,985.87,25.78,510.0338434,-0.374495561
18:49:11,666,38.40592833,14.95315667,11.29,985.74,25.13,510.0338434,-0.082324455
18:49:15,670,38.40598167,14.95343833,11.25,985.71,26.25,507.1738405,0.123486683
18:49:17,672,38.40602667,14.953725,11.21,985.66,30.53,504.3138376,-0.216303471
18:49:19,674,38.40608167,14.95431167,11.08,985.75,35.3,500.5005005,0.137207425
18:49:21,676,38.40609667,14.95459,11.05,985.79,37.59,496.6871634,0.276836158
18:49:23,678,38.406105,14.95486167,11.05,985.67,43.98,496.6871634,0.218724778
18:49:25,680,38.40612167,14.95512167,11.09,985.83,46.38,493.8271605,0.202582728
18:49:27,682,38.40614667,14.95540333,11.07,985.74,47.83,491.9204919,1.166263115
18:49:29,684,38.40616167,14.95568833,10.96,985.73,47.86,491.9204919,1.073446328
18:49:31,686,38.40618667,14.955985,10.95,985.51,44.46,490.0138233,0.687651332
18:49:33,688,38.40621167,14.95628,10.9,985.49,44.39,488.1071548,1.213882163
18:49:35,690,38.406235,14.95655833,10.87,985.61,42.44,488.1071548,1.280064568
18:49:37,692,38.40625833,14.95683833,10.82,985.5,44.54,486.2004862,1.008878128
18:49:39,694,38.40628,14.957115,10.75,985.61,46.09,484.2938176,0.882970137
18:49:41,696,38.40628833,14.95738833,10.66,985.55,48.79,484.2938176,0.573849879
18:49:43,698,38.40629,14.957675,10.8,985.76,49.8,482.3871491,1.242937853
18:49:45,700,38.40628833,14.957955,10.68,985.68,49.16,480.4804805,0.779661017
18:49:47,702,38.40628333,14.95822,10.63,985.68,48.93,480.4804805,1.05488297
18:49:49,704,38.40628,14.958485,10.37,985.42,48.58,477.6204776,0.83535109
18:49:51,706,38.40627333,14.958755,10.61,985.64,50.57,474.7604748,-0.11299435
18:49:53,708,38.40627167,14.95903,10.44,985.4,50.47,474.7604748,0.85149314
18:49:55,710,38.406265,14.95932667,10.41,986.02,50.79,471.9004719,1.403551251
18:49:57,712,38.40625833,14.95966333,10.6,986.83,51.25,469.040469,1.936238902
18:49:59,714,38.40625833,14.959965,10.69,987.27,51.65,469.040469,2.07425343
18:50:01,716,38.40625833,14.96007,10.78,987.72,52.39,469.040469,2.299435028
18:50:03,718,38.40625333,14.96006667,10.82,987.65,53.91,468.0871348,2.97094431
18:50:05,720,38.40625167,14.96006333,10.78,987.54,54.39,468.0871348,3.937046005
18:50:07,722,38.40625167,14.960065,10.94,987.88,53.75,470.9471376,4.084745763
18:50:09,724,38.40625167,14.960065,10.99,988.15,52.85,474.7604748,4.407586764
18:50:11,726,38.40625167,14.960065,11.07,988.3,54.03,474.7604748,4.736077482
18:50:13,728,38.40625167,14.960065,11.21,988.6,56.18,480.4804805,5.856335755
18:50:15,730,38.40625167,14.960065,11.12,988.55,53.56,490.0138233,6.86440678
18:50:17,732,38.40625167,14.960065,11.18,988.66,51.34,490.0138233,6.276836158
18:50:19,734,38.40625167,14.960065,11.2,988.61,50.61,500.5005005,5.293785311
18:50:21,736,38.40625167,14.960065,11.26,988.66,50.41,511.9405119,4.037126715
18:50:23,738,38.40625167,14.960065,11.45,988.49,50.4,511.9405119,4.06779661
18:50:25,740,38.40625167,14.960065,11.69,988.34,52.48,523.3805234,4.474576271
18:50:27,742,38.40625167,14.960065,11.95,988.45,50.94,533.8672005,4.808716707
18:50:29,744,38.40625167,14.960065,12.03,988.36,53.3,533.8672005,5.743341404
18:50:31,746,38.40625167,14.960065,12.3,988.43,51.62,545.307212,6.543179984
18:50:33,748,38.40625167,14.960065,12.31,988.7,51.19,553.8872206,6.847457627
18:50:35,750,38.40625167,14.960065,12.14,988.9,51.09,553.8872206,6.366424536
18:50:37,752,38.40625167,14.960065,12.13,989.1,54.16,562.4672291,6.653753027
18:50:39,754,38.40625167,14.960065,12.03,988.65,53.16,569.1405691,6.759483454
18:50:41,756,38.40625167,14.960065,12.25,988.68,52.97,569.1405691,6.971751412
18:50:43,758,38.40625167,14.960065,12.32,988.39,100,575.8139091,6.818401937
18:50:45,760,38.40625333,14.960065,12.51,988.58,53.46,581.5339149,6.736077482
18:50:47,762,38.40629167,14.96003833,12.52,988.28,53.28,581.5339149,7.648103309
18:50:49,764,38.40644,14.95994333,12.81,988.52,50.85,588.2072549,7.405165456
18:50:51,766,38.40663667,14.95980167,12.9,988.53,48.48,593.9272606,7.08071025
18:50:53,768,38.40685,14.95963167,12.88,988.19,46.87,593.9272606,5.574656981
18:50:55,770,38.40706833,14.95945833,13.02,988.41,46.07,597.7405977,5.117029863
18:50:57,772,38.40729167,14.95927167,13.08,988.44,46.18,602.5072692,4.07748184
18:50:59,774,38.40751833,14.95908,13.09,988.35,46.01,602.5072692,1.903954802
18:51:01,776,38.40775,14.95888667,13.1,988.35,45.17,604.4139377,2.979015335
18:51:03,778,38.40798333,14.9587,13.13,389.81,100,605.367272,1.945924132
18:51:05,780,38.40821833,14.95851833,13.15,988.3,43.14,605.367272,2.00968523
18:51:07,782,38.40845167,14.95834,13.15,988.32,42.87,603.4606035,1.283292978
18:51:09,784,38.40868833,14.95816167,13.14,988.24,42.77,598.693932,1.169491525
18:51:11,786,38.40892333,14.957985,13.14,988.27,42.78,598.693932,1.194511703
18:51:13,788,38.40916,14.95780833,13.12,988.24,43.11,592.020592,0.645682002
18:51:15,790,38.409395,14.95763333,13.12,988.29,42.95,583.4405834,0.521388216
18:51:17,792,38.40962833,14.95745833,13.09,988.3,42.55,583.4405834,0.534301856
18:51:19,794,38.409865,14.95728333,12.99,988.16,42.29,573.9072406,0.708635997
18:51:21,796,38.41010167,14.95711167,13.06,-134.86,38.03,562.4672291,-0.087974173
18:51:23,798,38.41033667,14.95694,12.9,988.19,42.72,562.4672291,0.399515738
18:51:25,800,38.41057,14.95677667,13.03,988.39,43.06,551.980552,0.097659403
18:51:27,802,38.410805,14.95662667,13.02,988.32,43.33,543.4005434,-0.192090395
18:51:29,804,38.41104167,14.956475,13,988.29,43.64,543.4005434,0
18:51:31,806,38.41128167,14.95632167,12.98,988.42,43.78,535.7738691,0.269572236
18:51:33,808,38.41151833,14.95616833,12.98,988.41,43.62,528.1471948,-0.858757062
18:51:35,810,38.41175167,14.95601167,12.98,988.42,43.57,528.1471948,0.265536723
18:51:37,812,38.41198833,14.95585333,12.9,988.28,43.45,522.4271891,-0.247780468
18:51:39,814,38.41222667,14.9557,12.95,988.45,43.57,517.6605177,-0.302663438
18:51:41,816,38.41244667,14.95557667,12.87,988.31,43.54,517.6605177,0.10008071
18:51:43,818,38.41266167,14.95547333,12.97,988.44,43.62,514.8005148,-0.242130751
18:51:45,820,38.41287333,14.95536833,12.94,988.31,43.13,510.9871777,-0.128329298
18:51:47,822,38.413015,14.95530667,13,988.58,42.94,510.9871777,-0.597255851
18:51:49,824,38.413065,14.95527833,12.88,988.5,43.33,508.1271748,0.301856336
18:51:51,826,38.41319167,14.95520833,12.97,988.45,43.36,504.3138376,0.002421308
18:51:53,828,38.413355,14.95513,13.04,988.71,43.24,504.3138376,-0.176755448
18:51:55,830,38.41339333,14.95511333,12.91,988.59,43.4,501.4538348,0.310734463
18:51:57,832,38.41339333,14.95510833,12.96,988.67,43.12,498.5938319,0.018563358
18:51:59,834,38.41339167,14.95511333,12.81,988.94,42.91,498.5938319,-0.317998386
18:52:01,836,38.41338833,14.955115,12.9,989.55,43.11,495.7338291,0.01614205
18:52:03,838,38.41338667,14.955125,12.79,990.05,43.34,492.8738262,0.229217111
18:52:05,840,38.41337333,14.95514833,12.88,990.71,43.54,492.8738262,-0.192090395
18:52:07,842,38.41336333,14.95516333,12.88,991.11,43.66,490.9671576,-0.911218725
18:52:09,844,38.41336167,14.955165,12.89,991.56,43.91,490.0138233,0.00968523
18:52:11,846,38.413355,14.95517167,12.89,992.06,43.99,490.0138233,0.052461663
18:52:13,848,38.41334667,14.95519,12.91,992.61,43.98,489.0604891,-0.056497175
18:52:15,850,38.41334333,14.95519667,12.95,993.05,44.11,487.1538205,-0.063761098
18:52:17,852,38.41333167,14.95520667,12.88,993.42,43.73,487.1538205,-0.101694915
18:52:19,854,38.41332833,14.95520333,12.96,994.05,43.46,485.2471519,-0.06779661
18:52:21,856,38.41332167,14.95522,12.98,994.64,43.1,485.2471519,-0.170298628
18:52:23,858,38.41332,14.95523,13,995.03,43.21,485.2471519,-0.556900726
18:52:25,860,38.413325,14.95522833,12.96,995.12,43.08,484.2938176,-0.699757869
18:52:27,862,38.41338667,14.95519667,12.96,995.15,43.08,484.2938176,0.02905569
18:52:29,864,38.41355167,14.95511333,13.11,995.02,42.81,483.3404833,-0.506053269
18:52:31,866,38.41371833,14.954965,13.09,994.93,42.6,483.3404833,-0.108151735
18:52:33,868,38.41389833,14.95478667,13.23,995.07,42.21,483.3404833,0.125100888
18:52:35,870,38.414095,14.95460667,13.23,995.12,42.28,483.3404833,-0.497175141
18:52:37,872,38.41425833,14.954455,13.26,995.35,42.29,485.2471519,-0.541565779
18:52:39,874,38.41428833,14.95442167,13.11,995.16,42.37,485.2471519,-0.494753834
18:52:41,876,38.41429,14.95442,13.17,995.17,42.39,486.2004862,-0.073446328
18:52:43,878,38.41428833,14.95442,13.18,995.22,41.98,488.1071548,-0.600484262
18:52:45,880,38.41428833,14.95442,13.16,995.53,41.66,488.1071548,0.124293785
18:52:47,882,38.414285,14.954425,13.21,996.31,41.48,488.1071548,-0.411622276
18:52:49,884,38.41427667,14.954435,13.22,997.06,41.64,489.0604891,-0.173527038
18:52:51,886,38.41426167,14.95446,13.22,997.83,41.71,489.0604891,-0.098466505
18:52:53,888,38.41424833,14.95450833,13.34,999.05,41.64,488.1071548,-0.037933818
18:52:55,890,38.41424,14.95453,13.38,1000.04,41.83,487.1538205,-0.289749798
18:52:57,892,38.41423333,14.95454833,13.34,1000.37,41.88,487.1538205,-0.238095238
18:52:59,894,38.414225,14.95457,13.3,1000.82,42.12,485.2471519,-1.020177563
18:53:01,896,38.41421833,14.95457167,13.26,1001.29,42.14,482.3871491,-0.08393866
18:53:03,898,38.41421333,14.95458167,13.24,1001.71,41.89,482.3871491,-0.707021792
18:53:05,900,38.41420833,14.954585,13.14,1001.98,41.47,481.4338148,-0.556900726
18:53:07,902,38.41420833,14.95458667,13.21,1002.62,42.06,479.5271462,-0.133979015
18:53:09,904,38.41420667,14.95459167,13.15,1002.88,42.31,479.5271462,-0.372881356
18:53:11,906,38.41420667,14.95458,13.29,1002.98,42.44,480.4804805,-0.196125908
18:53:13,908,38.414245,14.95453833,13.24,1002.73,42.52,480.4804805,-0.467312349
18:53:15,910,38.414365,14.95440333,13.43,1002.8,42.27,480.4804805,-0.209039548
18:53:17,912,38.41452333,14.954205,13.49,1002.8,41.85,481.4338148,-0.589184826
18:53:19,914,38.41470667,14.95397667,13.51,1002.93,41.39,483.3404833,0.01937046
18:53:21,916,38.41482167,14.953835,13.45,1003.01,41.03,483.3404833,0.004842615
18:53:23,918,38.41483833,14.95380833,13.39,1002.94,40.97,485.2471519,-0.024213075
18:53:25,920,38.41484167,14.953805,13.4,1002.95,40.95,486.2004862,-0.297013721
18:53:27,922,38.414845,14.95380167,13.35,1002.88,41.29,486.2004862,-0.891041162
18:53:29,924,38.414845,14.95380167,13.41,1002.94,41.42,486.2004862,-0.08393866
18:53:31,926,38.41484667,14.9538,13.3,1002.8,41.46,486.2004862,-0.098466505
18:53:33,928,38.414885,14.95375333,13.34,1002.84,41.75,486.2004862,-0.332526231
18:53:35,930,38.41499667,14.95361333,13.46,1002.85,41.58,484.2938176,0.115415658
18:53:37,932,38.415125,14.953445,13.53,1003.02,41.26,483.3404833,-0.185633575
18:53:39,934,38.41518,14.95337833,13.37,1002.89,41.27,483.3404833,-0.16787732
18:53:41,936,38.41518333,14.95338667,13.44,1003.6,41.3,482.3871491,-0.387409201
18:53:43,938,38.41517667,14.95339167,13.35,1004.06,40.96,481.4338148,-0.178369653
18:53:45,940,38.41517,14.95339833,13.41,1004.83,40.72,481.4338148,-0.17110573
18:53:47,942,38.415155,14.953415,13.43,1005.57,40.7,480.4804805,-0.370460048
18:53:49,944,38.41514833,14.95343667,13.47,1006.35,40.74,480.4804805,-0.242130751
18:53:51,946,38.41514667,14.95344333,13.5,1007.17,40.86,480.4804805,-0.483454399
18:53:53,948,38.415135,14.95346833,184.4,-134.91,35.59,481.4338148,-0.476190476
18:53:55,950,38.41512833,14.95349,13.53,1008.79,40.9,481.4338148,-0.114608555
18:53:57,952,38.41512,14.95351833,184.42,1009.44,40.95,482.3871491,-0.305084746
18:53:59,954,38.41512167,14.95351167,13.5,1009.74,40.93,483.3404833,-0.987893462
18:54:01,956,38.41512,14.95351833,13.39,1010.13,40.81,484.2938176,-0.502017756
18:54:03,958,38.41511833,14.95352667,13.45,1010.61,40.72,484.2938176,-0.085552865
18:54:05,960,38.41512,14.95352667,13.36,1010.89,40.74,484.2938176,-0.12267958
18:54:07,962,38.41512333,14.95351667,13.47,1011.43,40.92,485.2471519,-0.184826473
18:54:09,964,38.41512333,14.953505,13.48,1011.8,41.07,485.2471519,-0.205811138
18:54:11,966,38.41512,14.95350667,13.5,1012.15,41.19,486.2004862,-0.143664245
18:54:13,968,38.41512333,14.95352,13.43,1012.43,41.03,486.2004862,-0.493139629
18:54:15,970,38.41512333,14.95352167,13.47,1012.84,40.99,486.2004862,-0.499596449
18:54:17,972,38.415125,14.95352667,13.47,1013.29,41.03,487.1538205,-0.496368039
18:54:19,974,38.41512667,14.95354,13.4,1013.58,40.95,487.1538205,-0.069410815
18:54:21,976,38.41512333,14.95355167,13.49,1014.11,41.01,487.1538205,-0.0645682
18:54:23,978,38.415125,14.95355667,13.41,1014.37,41.09,487.1538205,-0.07102502
18:54:25,980,38.41512667,14.95355167,13.5,1014.91,40.74,487.1538205,-0.276029056
18:54:27,982,38.41512333,14.95355,13.42,1015.02,41.07,487.1538205,-0.577885391
18:54:29,984,38.41513,14.95354167,13.54,1015.23,41.1,486.2004862,-0.188054883
18:54:31,986,38.415135,14.95354,13.48,1015.1,40.97,485.2471519,-0.343825666
18:54:33,988,38.415135,14.95353833,13.57,1015.2,40.8,485.2471519,-1.020177563
18:54:35,990,38.415135,14.953535,13.49,1015.19,41.4,483.3404833,-0.633575464
18:54:37,992,38.415135,14.95353667,13.58,1015.73,41.53,482.3871491,-0.085552865
18:54:39,994,38.41513167,14.95354667,13.5,1015.87,40.98,482.3871491,-0.292171106
18:54:41,996,38.41512333,14.953555,13.58,1016.44,40.49,481.4338148,-0.14527845
18:54:43,998,38.41511833,14.95357667,13.51,1016.7,40.56,481.4338148,-0.229217111
18:54:45,1000,38.415115,14.95358,13.62,1017.2,41.21,481.4338148,-0.539144471
18:54:47,1002,38.41511333,14.953585,13.64,1017.57,40.86,482.3871491,-0.354317998
18:54:49,1004,38.41511667,14.95359,13.65,1018.11,41.19,483.3404833,-0.597255851
18:54:51,1006,38.41511833,14.95358333,13.69,1018.4,41.68,483.3404833,-0.817594835
18:54:53,1008,38.415115,14.953605,13.72,1018.84,41.82,485.2471519,-0.313155771
18:54:55,1010,38.41511833,14.95361167,13.76,1019.19,41.67,487.1538205,-0.129943503
18:54:57,1012,38.415125,14.953605,13.8,1019.57,42.03,487.1538205,-0.154156578
18:54:59,1014,38.41512333,14.95360333,13.82,1019.96,41.95,490.0138233,-0.182405165
18:55:01,1016,38.41512833,14.95360333,13.85,1020.42,41.84,490.9671576,-0.489911219
18:55:03,1018,38.41513333,14.95361333,13.87,1020.67,41.68,490.9671576,-0.176755448
18:55:05,1020,38.41513667,14.95360167,13.88,1021.21,41.81,491.9204919,-0.117836965
18:55:07,1022,38.41513667,14.953595,13.9,1021.28,41.48,492.8738262,0.03874092
18:55:09,1024,38.41513333,14.95359833,13.92,1021.12,41.68,492.8738262,-0.084745763
18:55:11,1026,38.415115,14.95361,13.97,1021.15,41.77,493.8271605,-0.15173527
18:55:13,1028,38.41509667,14.95363167,13.93,1021.06,41.82,493.8271605,-0.416464891
18:55:15,1030,38.415075,14.95365667,184.41,-158.67,41.46,493.8271605,-0.454398709
18:55:17,1032,38.41505667,14.95368,13.78,1020.67,41.47,494.7804948,-0.456012914
18:55:19,1034,38.415055,14.95367167,14.13,1021.2,41.55,496.6871634,-0.111380145
18:55:21,1036,38.41506167,14.95362833,13.95,1021.21,41.32,496.6871634,-0.289749798
18:55:23,1038,38.41506833,14.95359333,13.77,1021.3,41.32,498.5938319,-0.456820016
18:55:25,1040,38.41507,14.953585,13.49,1021.11,41.44,499.5471662,-0.744148507
18:55:27,1042,38.41507,14.95358333,184.42,1021.57,41.98,499.5471662,-1.020177563
18:55:29,1044,38.41506833,14.953585,13.43,1022.09,42.39,500.5005005,-0.398708636
18:55:31,1046,38.41506833,14.95358833,13.35,1021.67,42.5,500.5005005,0.063761098
18:55:33,1048,38.41506833,14.95358833,13.25,1021.78,42.77,500.5005005,-0.250201776
18:55:35,1050,38.41506667,14.95356667,13.23,1021.75,43,501.4538348,-0.776432607
18:55:37,1052,38.415065,14.953545,13.18,1021.77,43.23,501.4538348,-0.491525424
18:55:39,1054,38.41506,14.95353833,13.17,1021.84,43.38,501.4538348,-0.568200161
18:55:41,1056,38.41506667,14.95353333,13.15,1021.87,43.36,501.4538348,-0.277643261
18:55:43,1058,38.41507167,14.95352,13.17,1022.05,43.46,501.4538348,-0.241323648
