time,duration / s,Lat,Lon,temperature / C,pressure / hPa,humidity / %,CO2 / ppm,SO2 / ppm
18:17:33,0,38.415175,14.95334,16.91,1022.15,35.44,517.6605177,0.523809524
18:17:35,2,38.41517167,14.95333667,18.18,1022.17,33.71,514.8005148,0.384180791
18:17:37,4,38.41517,14.95333667,18.4,1022.15,33.34,513.8471805,0.577885391
18:17:39,6,38.41516833,14.95333167,18.73,1022.18,32.89,511.9405119,0.405972559
18:17:41,8,38.41516333,14.95333,18.87,1022.07,32.46,511.9405119,0.547215496
18:17:43,10,38.41516333,14.95332833,18.91,1022.05,32.32,510.9871777,0.371267151
18:17:45,12,38.41516333,14.95333,18.79,1022.22,32.46,510.0338434,-0.144471348
18:17:47,14,38.41516333,14.95332833,18.79,1022.19,32.51,510.0338434,0.209039548
18:17:49,16,38.41516667,14.95332333,18.5,1021.97,32.63,509.0805091,-0.044390638
18:17:51,18,38.41516667,14.95332333,18.43,1022.16,32.82,508.1271748,-0.517352704
18:17:53,20,38.41516667,14.953325,18.37,1022.17,33.01,508.1271748,0.537530266
18:17:55,22,38.415165,14.95332333,18.25,1022.19,33.26,508.1271748,0.371267151
18:17:57,24,38.415165,14.95331833,18.14,1022.16,33.37,508.1271748,0.384987893
18:17:59,26,38.41516,14.95331333,17.98,1022.17,33.44,508.1271748,0.370460048
18:18:01,28,38.415155,14.95330833,17.79,1022.15,33.46,508.1271748,0.233252623
18:18:03,30,38.41515333,14.95329833,17.64,1022.1,33.57,508.1271748,0.231638418
18:18:05,32,38.41515167,14.95329167,17.56,1022.19,33.92,508.1271748,0.219531881
18:18:07,34,38.41515333,14.95329,17.39,1022.16,34.06,508.1271748,0.179176755
18:18:09,36,38.41515333,14.95329167,17.17,1022.13,34.42,509.0805091,0.13236481
18:18:11,38,38.41515333,14.95329333,17.14,1022.16,34.41,509.0805091,0.163034705
18:18:13,40,38.41515333,14.95329333,16.97,1022.17,34.67,510.0338434,0.134786118
18:18:15,42,38.41515333,14.953295,16.86,1022.14,34.9,510.9871777,0.124293785
18:18:17,44,38.41515333,14.953295,16.75,1022.17,35.05,510.9871777,0.13236481
18:18:19,46,38.41515333,14.953295,16.73,1022.15,35.14,511.9405119,0.05165456
18:18:21,48,38.41515333,14.953295,16.61,1022.14,35.56,512.8938462,0.027441485
18:18:23,50,38.41515333,14.953295,16.5,1022.19,35.62,512.8938462,0.05488297
18:18:25,52,38.41515333,14.953295,16.43,1022.14,35.84,512.8938462,0.03551251
18:18:27,54,38.41515333,14.953295,16.38,1022.11,35.9,512.8938462,-0.046004843
18:18:29,56,38.41515333,14.953295,16.29,1022.07,36.26,512.8938462,0.060532688
18:18:31,58,38.41515333,14.953295,16.18,1022.1,36.37,511.9405119,-0.017756255
18:18:33,60,38.41515333,14.953295,16.07,1022.09,36.5,510.0338434,0.001614205
18:18:35,62,38.41515333,14.953295,15.97,1022.09,36.66,510.0338434,0.047619048
18:18:37,64,38.41515333,14.953295,15.75,1022.1,37.05,508.1271748,0.068603713
18:18:39,66,38.41515333,14.953295,15.61,1022.08,37.29,506.2205062,0.04196933
18:18:41,68,38.41515333,14.953295,15.48,1022.08,37.56,506.2205062,0.04842615
18:18:43,70,38.41515333,14.953295,15.36,1022.1,37.97,505.2671719,0.07748184
18:18:45,72,38.41515333,14.953295,15.25,1022.05,38.17,504.3138376,0.052461663
18:18:47,74,38.41515333,14.953295,15.23,1022.1,38.28,504.3138376,0.010492333
18:18:49,76,38.41515333,14.953295,15.08,1022.11,38.58,503.3605034,0.030669895
18:18:51,78,38.41515333,14.953295,14.98,1022.12,38.89,502.4071691,-0.004842615
18:18:53,80,38.41515333,14.953295,15,1022.13,38.92,502.4071691,0.108958838
18:18:55,82,38.41515333,14.953295,14.98,1022.16,38.99,501.4538348,0.121872478
18:18:57,84,38.41515333,14.953295,14.88,1022.17,39.08,500.5005005,0.101694915
18:18:59,86,38.41515333,14.953295,14.82,1022.1,39.24,500.5005005,0.099273608
18:19:01,88,38.415155,14.9533,14.7,1022.15,39.44,499.5471662,0.081517353
18:19:03,90,38.41515667,14.953305,14.67,1022.16,39.69,497.6404976,0.05165456
18:19:05,92,38.41515667,14.95330667,14.66,1022.18,39.82,497.6404976,0.012106538
18:19:07,94,38.41516333,14.95330833,14.57,1021.97,39.97,495.7338291,-0.564971751
18:19:09,96,38.41516167,14.953305,14.52,1021.37,40.02,493.8271605,-0.026634383
18:19:11,98,38.41515333,14.953295,14.4,1020.33,40.26,493.8271605,-0.564971751
18:19:13,100,38.41513833,14.95327167,14.24,1018.98,40.51,491.9204919,-0.008071025
18:19:15,102,38.415105,14.95324667,13.98,1017.79,41.19,490.0138233,0.704600484
18:19:17,104,38.41508,14.95323333,13.66,1015.7,41.59,490.0138233,0.292978208
18:19:19,106,38.41506833,14.95322167,13.65,1014.8,41.57,487.1538205,0.791767554
18:19:21,108,38.41507,14.95321667,13.41,1013.22,41.39,485.2471519,-0.297820823
18:19:23,110,38.41508833,14.95321667,13.21,1011.75,40.96,485.2471519,0.87409201
18:19:25,112,38.41509667,14.95323667,12.9,1010.04,41.21,482.3871491,0.99677159
18:19:27,114,38.41510667,14.95325667,12.87,1009.56,41.41,478.5738119,-0.163034705
18:19:29,116,38.41511167,14.95327,12.52,1009.63,42.02,478.5738119,0.199354318
18:19:31,118,38.41511667,14.953275,12.55,1008.49,42.46,475.713809,1.156577885
18:19:33,120,38.41512,14.95327667,12.42,1007.58,42.88,472.8538062,0.343825666
18:19:35,122,38.41512333,14.95328333,12.3,1007.54,43.14,472.8538062,0.703793382
18:19:37,124,38.41512833,14.953285,12.2,1007.53,43.29,469.040469,0.995157385
18:19:39,126,38.41513167,14.953285,12.01,1007.29,43.4,464.2737976,0.309120258
18:19:41,128,38.41513167,14.953285,12.03,1007.44,43.69,464.2737976,1.101694915
18:19:43,130,38.41513333,14.95328,11.96,1006.31,43.84,460.4604605,1.149313963
18:19:45,132,38.41514,14.95330333,11.89,1005.03,43.86,455.693789,1.075060533
18:19:47,134,38.41515,14.953335,11.83,1003.59,43.62,455.693789,1.10653753
18:19:49,136,38.41514833,14.95333833,11.36,1002.45,43.5,452.8337862,0.13559322
18:19:51,138,38.415155,14.95336167,11.66,1001.59,43.54,449.020449,0.347054076
18:19:53,140,38.41515667,14.95337,11.6,1000.47,43.47,449.020449,0.86763519
18:19:55,142,38.41516,14.95337167,11.51,1000.31,43.69,446.1604462,0.92251816
18:19:57,144,38.41515333,14.95339167,11.35,1000.69,44.04,443.3004433,1.351896691
18:19:59,146,38.41509667,14.95347167,11.42,1000.94,44.4,443.3004433,0.210653753
18:20:01,148,38.41499667,14.95361333,11.33,1000.61,44.71,440.4404404,0.788539144
18:20:03,150,38.41487333,14.95378167,11.33,1000.62,44.88,438.5337719,0.621468927
18:20:05,152,38.41474167,14.95395833,11.33,1000.69,45.3,438.5337719,0.512510089
18:20:07,154,38.41459667,14.95411833,11.27,1000.69,45.33,433.7671004,0.358353511
18:20:09,156,38.41445167,14.95428667,11.26,1000.75,45.45,428.0470947,0.393866021
18:20:11,158,38.414315,14.95446667,11.24,1000.69,46.16,428.0470947,0.566585956
18:20:13,160,38.414175,14.95465333,11.2,1000.64,46.23,420.4204204,0.584342211
18:20:15,162,38.41403667,14.95483,11.21,1000.7,46.73,420.4204204,0.559322034
18:20:17,164,38.41389833,14.95501167,11.12,1000.51,47.25,411.8404118,0.371267151
18:20:19,166,38.413755,14.95518833,11.18,1000.7,47.78,402.307069,0.484261501
18:20:21,168,38.41361167,14.955365,11.19,1000.75,47.39,392.7737261,0.341404358
18:20:23,170,38.41347333,14.95554167,11.18,1000.71,47.76,392.7737261,0.718321227
18:20:25,172,38.413335,14.95571667,11.16,1000.7,47.5,385.1470518,0.440677966
18:20:27,174,38.413195,14.95589,11.09,1000.68,47.57,385.1470518,-0.05488297
18:20:29,176,38.41306,14.95606,11.14,1000.75,47.38,377.5203775,0.005649718
18:20:31,178,38.41292333,14.95623167,11.13,1000.71,47.47,374.6603747,-0.024213075
18:20:33,180,38.412785,14.95640333,11.07,1000.64,47.73,374.6603747,0.301856336
18:20:35,182,38.41264333,14.95657667,11.11,1000.72,48.19,371.8003718,0.710250202
18:20:37,184,38.41256,14.95668667,11.07,1000.76,47.72,371.8003718,-0.339790153
18:20:39,186,38.41255667,14.9567,11.1,1000.6,47.5,371.8003718,-0.564971751
18:20:41,188,38.41255333,14.956705,11.1,1000.62,47.52,374.6603747,0.905569007
18:20:43,190,38.41255667,14.95670333,11.11,1000.62,47.53,378.4737118,-0.121872478
18:20:45,192,38.41255667,14.95670333,11.12,1000.62,47.57,378.4737118,-0.564971751
18:20:47,194,38.41255667,14.95670333,11.11,1000.81,47.59,383.2403832,1.173527038
18:20:49,196,38.41249167,14.95677167,11.1,1000.8,47.68,388.0070547,0.721549637
18:20:51,198,38.41238,14.95688833,11.09,1000.67,47.64,388.0070547,1.221953188
18:20:53,200,38.41225167,14.95703,11.1,1000.62,46.52,393.7270604,0.979822437
18:20:55,202,38.41211333,14.95718833,11.11,1000.59,45.15,400.4004004,0.753833737
18:20:57,204,38.41197333,14.95735667,11.06,1000.49,44.72,400.4004004,0.374495561
18:20:59,206,38.41183,14.957525,11.12,1000.66,44.94,405.1670718,0.330104923
18:21:01,208,38.41167333,14.95768667,11.13,1000.61,44.44,409.9337433,-0.315577078
18:21:03,210,38.411485,14.95786167,11.12,1000.67,45.92,409.9337433,1.010492333
18:21:05,212,38.41130833,14.95802667,11.12,1000.92,46.54,410.8870776,0.007263923
18:21:07,214,38.41120833,14.95812833,11.04,1000.19,46.57,411.8404118,1.166263115
18:21:09,216,38.411235,14.95810167,11.12,1000.38,43.75,411.8404118,0.397094431
18:21:11,218,38.41123167,14.95809333,11.11,1000.38,47.05,411.8404118,-0.062146893
18:21:13,220,38.41123333,14.95809167,11.1,1000.32,47.18,411.8404118,0.790153349
18:21:15,222,38.411205,14.95811333,11.1,1000.94,47.36,411.8404118,0.966101695
18:21:19,226,38.41110833,14.95820333,10.89,1000.3,46.97,410.8870776,0.330104923
18:21:21,228,38.41097667,14.958325,11.1,1000.64,46.89,410.8870776,1.577885391
18:21:23,230,38.41067,14.95859667,11.09,1000.41,46.91,411.8404118,1.397901533
18:21:25,232,38.410515,14.95873,11.09,999.96,46.54,413.7470804,1.205811138
18:21:27,234,38.41041833,14.95881,11.01,999,45.5,413.7470804,-0.380145278
18:21:29,236,38.41036333,14.95886,11.05,998.03,45.49,417.5604176,1.523809524
18:21:31,238,38.41032667,14.95889667,10.84,996.23,45.64,418.5137518,1.192090395
18:21:33,240,38.41026,14.95893833,10.96,995.88,44.41,418.5137518,1.303470541
18:21:35,242,38.41015167,14.95903167,10.94,995.63,44.47,421.3737547,1.256658596
18:21:37,244,38.41001333,14.95914833,10.76,995.32,44.92,422.327089,-0.126715093
18:21:39,246,38.40986,14.95928,10.88,995.55,45.14,422.327089,-0.256658596
18:21:41,248,38.40970333,14.95941333,10.86,995.59,45.73,423.2804233,1.447941889
18:21:43,250,38.40953833,14.95954667,10.81,994.96,46.53,423.2804233,1.384987893
18:21:45,252,38.40937333,14.959675,10.77,994.21,45.74,423.2804233,-0.564971751
18:21:47,254,38.409205,14.95980167,10.67,993.26,45.3,422.327089,1.624697337
18:21:49,256,38.40903667,14.959925,10.67,992.38,45.65,421.3737547,0.023405973
18:21:51,258,38.408865,14.96003667,10.62,991.38,45.89,421.3737547,1.418079096
18:21:53,260,38.40869333,14.96015,10.58,991.26,45.86,419.4670861,0.165456013
18:21:55,262,38.40852167,14.960265,10.53,991.26,45.87,418.5137518,-0.564971751
18:21:57,264,38.40835,14.96038333,10.5,991.19,45.96,418.5137518,-0.564971751
18:21:59,266,38.408175,14.96049833,10.53,990.83,46.65,417.5604176,0.581113801
18:22:01,268,38.40804,14.960585,10.56,991.03,46.98,415.653749,-0.044390638
18:22:03,270,38.407995,14.960615,10.62,991.39,47.65,415.653749,1.393058918
18:22:05,272,38.40791833,14.96067167,10.65,990.98,47.66,413.7470804,1.403551251
18:22:07,274,38.407775,14.96076333,10.65,990.79,47.83,412.7937461,0.18724778
18:22:09,276,38.40760833,14.96086667,10.72,990.73,47.1,412.7937461,0.504439064
18:22:11,278,38.40752,14.96091667,10.72,991.05,45.98,411.8404118,0.198547215
18:22:13,280,38.40746833,14.96094333,184.4,1267.64,45.42,411.8404118,-0.564971751
18:22:15,282,38.40734667,14.96101667,10.66,991.01,45.88,411.8404118,0.698143664
18:22:17,284,38.40719833,14.96111167,10.71,990.79,46.09,413.7470804,0.802259887
18:22:19,286,38.407095,14.96118833,10.72,990.8,45.92,416.6070833,-0.055690073
18:22:21,288,38.40709,14.96118333,10.79,990.42,45.83,416.6070833,0.892655367
18:22:23,290,38.40709333,14.96117833,10.79,990.13,45.75,421.3737547,-0.086359968
18:22:25,292,38.40705167,14.96118667,10.85,990.67,45.85,426.1404261,1.113801453
18:22:27,294,38.40693333,14.96121167,10.86,990.42,45.9,426.1404261,0.273607748
18:22:29,296,38.40684833,14.961235,10.8,990.04,45.54,431.8604319,0.677966102
18:22:31,298,38.40684333,14.96123833,10.77,989.71,45.44,437.5804376,0.649717514
18:22:33,300,38.40679833,14.96124667,10.63,989.77,45.05,437.5804376,1.515738499
18:22:35,302,38.40669667,14.96127,10.6,989.64,45.03,442.347109,0.300242131
18:22:37,304,38.40659833,14.96129333,10.61,989.75,45.09,446.1604462,0.554479419
18:22:39,306,38.406575,14.961295,10.52,988.99,44.97,446.1604462,-0.564971751
18:22:41,308,38.40649667,14.96131,10.47,989.87,44.91,449.020449,1.531880549
18:22:43,310,38.406405,14.96132833,10.28,988.85,45.02,449.9737833,1.165456013
18:22:45,312,38.40634833,14.96134167,10.43,988.74,45.23,449.9737833,0.306698951
18:22:47,314,38.40628333,14.96135333,10.4,989.33,45.18,450.9271176,-0.564971751
18:22:49,316,38.40619667,14.961375,10.42,989.09,45.25,450.9271176,0.995964487
18:22:53,320,38.40613667,14.96139,10.46,989.07,45.45,450.9271176,0.911218725
18:22:55,322,38.406095,14.9614,10.75,989.18,51.16,450.9271176,0.03874092
18:22:59,326,38.40608,14.96139833,10.65,988.7,45.97,451.8804519,2.321226796
18:23:01,328,38.406065,14.96139667,10.64,988.37,45.85,452.8337862,2.275221953
18:23:03,330,38.40586333,14.96144833,10.63,-134.4,100,454.7404547,1.079096045
18:23:05,332,38.40574333,14.96147667,10.72,988.54,47.79,458.5537919,2.334140436
18:23:07,334,38.40566667,14.96149,10.92,988.51,54.71,461.4137947,3.475383374
18:23:09,336,38.40567167,14.96148833,10.93,988.38,56.95,461.4137947,6.1937046
18:23:11,338,38.40567667,14.96148,11.35,988.3,55.55,466.1804662,8.808716707
18:23:13,340,38.40567667,14.96147667,11.63,988.4,47.66,471.9004719,8.800645682
18:23:15,342,38.40567667,14.96147667,11.76,988.37,45.19,471.9004719,8.089588378
18:23:17,344,38.40567667,14.96147667,11.95,988.32,43.75,477.6204776,7.14205004
18:23:19,346,38.40567667,14.96147667,12.16,988.17,43.89,484.2938176,4.769168684
18:23:21,348,38.40567667,14.96147667,12.3,988.3,42.89,484.2938176,5.692493947
18:23:23,350,38.40567667,14.96147667,12.46,988.28,42.68,490.0138233,4.743341404
18:23:25,352,38.40567667,14.96147667,12.67,988.22,47.36,496.6871634,4.644874899
18:23:27,354,38.40567667,14.96147667,12.78,987.77,44.13,496.6871634,4.81920904
18:23:29,356,38.40571,14.96147167,12.95,987.53,44.8,503.3605034,5.663438257
18:23:31,358,38.40584667,14.96145167,13.15,987.59,41.33,503.3605034,3.343018563
18:23:33,360,38.4059,14.96145,13.21,987.79,40.32,508.1271748,4.397901533
18:23:35,362,38.40590167,14.96145,13.17,987.72,40.3,512.8938462,4.079903148
18:23:37,364,38.40590167,14.96144833,184.41,987.82,40,512.8938462,2.251008878
18:23:39,366,38.40590167,14.96144833,13.2,987.78,39.73,513.8471805,2.690072639
18:23:41,368,38.40590333,14.96145,13.23,987.8,39.49,515.7538491,3.314769976
18:23:43,370,38.40590333,14.96145,13.26,987.82,39.38,515.7538491,1.417271994
18:23:45,372,38.40590333,14.96145,13.29,987.82,39,514.8005148,2.678773204
18:23:47,374,38.40590333,14.96145,13.29,987.73,38.5,512.8938462,1.14205004
18:23:49,376,38.40590333,14.96145,13.36,987.83,39.01,512.8938462,1.978208232
18:23:51,378,38.40590333,14.96145,13.36,-158.67,38.46,510.9871777,0.759483454
18:23:53,380,38.40590333,14.96145,13.37,987.82,38.17,508.1271748,1.434221146
18:23:55,382,38.40590333,14.96145,13.34,987.68,38.11,508.1271748,1.390637611
18:23:57,384,38.40590333,14.96145,13.37,987.77,38.02,505.2671719,-0.564971751
18:23:59,386,38.405905,14.96145,13.33,987.77,37.99,502.4071691,1.984665052
18:24:01,388,38.405905,14.96145,13.37,987.84,38.66,502.4071691,0.277643261
18:24:03,390,38.405905,14.96145,13.36,987.73,38.59,500.5005005,0.927360775
18:24:05,392,38.405905,14.96145,13.42,987.74,38.18,498.5938319,1.034705408
18:24:07,394,38.405905,14.96145,13.09,987.67,39.07,498.5938319,0.590799031
18:24:09,396,38.405905,14.96145,12.92,987.79,40.58,497.6404976,1.208232446
18:24:11,398,38.405905,14.96144667,12.65,987.61,41.41,497.6404976,1.429378531
18:24:13,400,38.405905,14.96127167,12.58,987.81,41.07,497.6404976,0.253430186
18:24:15,402,38.40590667,14.96114167,12.43,987.79,40.51,497.6404976,1.368845843
18:24:17,404,38.40590333,14.96100167,12.35,987.79,39.78,498.5938319,0.721549637
18:24:19,406,38.40591,14.96091667,12.22,987.76,39.91,498.5938319,-0.476190476
18:24:21,408,38.40591167,14.96088,12.16,987.81,41,498.5938319,1.108151735
18:24:23,410,38.40591333,14.960845,12.04,987.74,41.34,498.5938319,0.213075061
18:24:25,412,38.405915,14.96083833,11.99,987.81,41.56,498.5938319,1.060532688
18:24:27,414,38.40591667,14.96083667,11.9,987.75,42.31,497.6404976,0.924939467
18:24:29,416,38.40591667,14.96083667,11.73,987.69,42.38,494.7804948,0.697336562
18:24:31,418,38.40591667,14.96083667,11.71,987.72,42.79,494.7804948,0.810330912
18:24:33,420,38.40591667,14.96083667,11.67,987.7,43.92,494.7804948,0.973365617
18:24:35,422,38.40591667,14.96083667,11.67,987.82,49.95,489.0604891,0.850686037
18:24:37,424,38.40591667,14.96083667,11.84,987.97,55.08,489.0604891,4.17110573
18:24:39,426,38.40591667,14.96083333,11.85,987.8,54.96,488.1071548,5.683615819
18:24:41,428,38.40591833,14.96083333,11.93,987.84,55.77,487.1538205,9.510088781
18:24:43,430,38.40592,14.96083333,12.18,987.56,55.14,487.1538205,12.11460856
18:24:45,432,38.40592,14.96083333,12.54,987.74,53.49,489.0604891,13.16787732
18:24:47,434,38.40592,14.96083333,12.67,987.83,49.48,493.8271605,14.7094431
18:24:51,438,38.40592333,14.96083833,12.8,987.62,48.96,493.8271605,15.59483454
18:24:53,440,38.40599,14.96090833,13.07,987.7,49.34,502.4071691,14.40677966
18:24:55,442,38.40612833,14.96105833,13.55,987.68,53.38,512.8938462,15.94673123
18:24:57,444,38.406135,14.96105833,13.61,987.63,52.02,526.2405262,14.9023406
18:25:01,448,38.406135,14.961055,13.69,987.63,48.62,526.2405262,16.44874899
18:25:03,450,38.406135,14.961055,13.69,987.82,48.36,542.4472091,15.42130751
18:25:05,452,38.40613333,14.96105833,13.62,987.81,41.67,576.7672434,11.75060533
18:25:07,454,38.40613333,14.96105833,13.68,987.91,42.79,576.7672434,9.808716707
18:25:09,456,38.40613333,14.96105833,13.74,987.85,47.61,594.8805949,9.089588378
18:25:11,458,38.40613,14.96105833,13.78,987.82,48.23,612.040612,9.976594027
18:25:13,460,38.40613,14.96105833,13.8,987.67,47.46,612.040612,10.38983051
18:25:15,462,38.40612833,14.96105833,13.78,987.83,47.07,628.2472949,11.32041969
18:25:17,464,38.40612667,14.96105667,13.81,987.85,47.34,642.5473092,11.26392252
18:25:19,466,38.406125,14.96105667,13.76,987.94,46.76,642.5473092,10.87328491
18:25:21,468,38.406125,14.96105667,13.79,987.9,47.33,655.8939892,8.914447135
18:25:23,470,38.40612333,14.96105667,13.81,-134.93,100,666.3806664,9.88377724
18:25:25,472,38.40612333,14.96105333,13.82,988.18,50.68,666.3806664,12.14608555
18:25:27,474,38.40612167,14.961055,13.6,988.04,50.77,675.9140092,12.31719128
18:25:29,476,38.40612167,14.961055,13.71,-134.98,100,684.4940178,13.13478612
18:25:31,478,38.40612333,14.961055,13.58,987.57,48.85,684.4940178,15.31799839
18:25:33,480,38.40612333,14.96105667,13.89,988,51.14,692.1206921,15.50121065
18:25:35,482,38.40612,14.96105167,13.96,988.1,51.82,699.7473664,15.62873285
18:25:37,484,38.40612,14.96105,14.04,988.11,52.02,699.7473664,15.95964487
18:25:39,486,38.40612,14.96105,13.95,988.01,51.14,708.327375,16.13317191
18:25:41,488,38.40611667,14.96105,14.01,988.29,47.88,717.8607179,16.29217111
18:25:43,490,38.406115,14.96105167,13.79,988.37,44.2,717.8607179,15.16303471
18:25:45,492,38.40611333,14.96104667,13.87,988.41,42.91,729.3007293,12.56820016
18:25:47,494,38.40611167,14.96104333,13.87,988.37,42.84,739.7874065,9.359967716
18:25:49,496,38.40611167,14.96104333,13.89,988.48,42.54,739.7874065,8.749798224
18:25:51,498,38.40611167,14.96104167,13.71,988.39,46.11,749.3207493,8.598870056
18:25:53,500,38.40611,14.96104,13.85,-158.67,45.58,758.8540922,8.995964487
18:25:55,502,38.40611,14.96104,13.81,988.58,46.34,758.8540922,9.718321227
18:25:57,504,38.40611167,14.96104,13.93,988.76,51.75,764.5740979,10.96448749
18:25:59,506,38.40611167,14.96104,13.84,988.66,51.47,769.3407693,13.66666667
18:26:01,508,38.40611167,14.96104,13.78,-158.67,100,769.3407693,14.58272801
18:26:03,510,38.40611333,14.96103333,13.74,988.7,47.53,770.2941036,15.63761098
18:26:05,512,38.40611333,14.96102833,13.85,988.74,50.17,769.3407693,14.937046
18:26:07,514,38.40611333,14.96102667,13.85,988.72,49.18,769.3407693,13.89830508
18:26:09,516,38.40611333,14.96102667,13.78,988.65,52.27,766.4807665,15.97740113
18:26:11,518,38.406115,14.96102667,13.84,-135,100,763.6207636,15.8385795
18:26:13,520,38.406115,14.96102667,13.81,988.65,49.25,763.6207636,16.25100888
18:26:15,522,38.406115,14.96102667,13.81,988.7,49.93,762.6674293,16.47457627
18:26:17,524,38.406115,14.96102667,13.8,988.64,51.1,760.7607608,16.46004843
18:26:19,526,38.406115,14.961025,13.75,988.69,49.18,760.7607608,16.45359161
18:26:21,528,38.40611333,14.96102667,184.44,988.69,50.57,761.714095,16.46408394
18:26:23,530,38.40613667,14.96101833,13.22,988.62,47.94,764.5740979,16.47134786
18:26:25,532,38.4062,14.96099167,12.94,988.56,48.31,764.5740979,16.37046005
18:26:27,534,38.40622833,14.960985,13.26,988.62,50.74,769.3407693,15.76190476
18:26:29,536,38.40625167,14.96097667,13.04,988.27,49.99,774.1074408,14.46731235
18:26:31,538,38.40624833,14.96097167,13.3,988.59,49.82,774.1074408,15.14689266
18:26:33,540,38.40624833,14.96097333,13.35,988.6,50.72,778.8741122,14.64326069
18:26:35,542,38.40624833,14.96097333,13.5,988.67,51.86,783.6407836,15.23648103
18:26:37,544,38.40624833,14.96097333,13.56,988.58,52.3,783.6407836,16.26311542
18:26:39,546,38.40624833,14.96097333,13.66,988.64,54.8,787.4541208,16.07425343
18:26:41,548,38.40624667,14.96097333,13.78,988.63,55.36,790.3141236,16.45924132
18:26:43,550,38.40624667,14.96097333,13.75,988.56,55.19,790.3141236,16.47619048
18:26:45,552,38.40622,14.96098667,13.87,988.57,53.61,793.1741265,16.46246973
18:26:47,554,38.406155,14.96100333,13.82,988.68,47.99,795.0807951,16.45924132
18:26:49,556,38.40614333,14.961005,13.84,988.7,45.53,795.0807951,16.2251816
18:26:51,558,38.40613667,14.96100833,13.89,988.66,49.29,796.0341294,14.30750605
18:26:53,560,38.40613833,14.96101,13.89,988.61,51.49,798.8941322,15.25343019
18:26:55,562,38.40614333,14.96101833,13.86,988.55,52.04,798.8941322,15.82485876
18:26:57,564,38.40614167,14.96101833,14.01,988.62,53.71,801.7541351,16.46327684
18:26:59,566,38.40614167,14.96101833,14.05,988.46,54.53,804.6141379,16.46973366
18:27:01,568,38.40614167,14.96101667,14.19,988.55,55.5,804.6141379,16.47134786
18:27:03,570,38.40614,14.96101333,14.19,988.46,54.82,808.4274751,16.46892655
18:27:05,572,38.40614167,14.96101333,14.19,988.51,52.76,813.1941465,16.46166263
18:27:07,574,38.40614,14.96101333,14.14,988.67,51.65,813.1941465,16.47296207
18:27:09,576,38.40613833,14.961015,14.08,988.63,50.82,819.8674865,16.4511703
18:27:11,578,38.40614167,14.96103333,14.01,988.45,51.7,825.5874923,16.47134786
18:27:13,580,38.40613667,14.96107,14.07,988.71,47.41,825.5874923,16.46731235
18:27:15,582,38.40614333,14.96111,13.99,988.65,46.63,832.2608323,16.47134786
18:27:17,584,38.40615667,14.961175,13.82,988.17,48.19,837.980838,15.41081517
18:27:21,588,38.40615667,14.96121667,14.03,988.6,50.79,837.980838,15.49071832
18:27:23,590,38.40615667,14.96121,13.98,988.56,50.45,842.7475094,15.76916868
18:27:25,592,38.40615667,14.96121167,14.07,988.51,55.82,846.5608466,16.46811945
18:27:27,594,38.40615833,14.96121333,13.96,988.47,52.46,848.4675151,16.46973366
18:27:29,596,38.40616,14.96121,13.95,988.52,52.32,850.3741837,16.47457627
18:27:31,598,38.40615667,14.96120833,13.96,988.64,51.14,850.3741837,16.47134786
18:27:33,600,38.40615667,14.96120833,13.97,988.66,53.54,849.4208494,16.05488297
18:27:35,602,38.406155,14.96120667,13.99,988.63,54.55,849.4208494,16.46569814
18:27:37,604,38.40615667,14.96120667,14.04,988.61,58.61,849.4208494,16.47457627
18:27:39,606,38.40615833,14.96122667,14.14,988.73,59.34,850.3741837,16.46973366
18:27:43,610,38.40616167,14.961275,14.12,988.71,55.07,850.3741837,16.47215496
18:27:45,612,38.40618833,14.96143333,13.7,988.42,48.04,851.327518,16.46408394
18:27:47,614,38.4062,14.96152167,13.49,988.72,46.18,853.2341866,14.95722357
18:27:49,616,38.40620833,14.96157167,13.54,988.59,45.78,855.1408551,12.72639225
18:27:51,618,38.40622167,14.96167333,13.5,988.57,45.22,857.0475237,10.95238095
18:27:53,620,38.40624833,14.961805,13.34,988.47,44.8,857.0475237,9.146892655
18:27:55,622,38.40625167,14.96188333,13.38,988.59,44.59,857.0475237,7.658595642
18:27:57,624,38.40625167,14.96186667,13.14,987.88,45.03,853.2341866,6.468119451
18:28:01,628,38.40626333,14.96186667,13.29,987.23,44.76,853.2341866,5.666666667
18:28:03,630,38.40627,14.96186667,13.16,986.24,44.63,846.5608466,4.874899112
18:28:05,632,38.40627,14.96186667,12.9,986.35,44.83,835.1208351,3.351089588
18:28:07,634,38.40627,14.96186667,12.36,986.17,45.49,820.8208208,3.013720743
18:28:09,636,38.40626333,14.96186667,12.14,986.34,46.01,803.6608037,1.514124294
18:28:11,638,38.40626333,14.96186667,184.44,1258.74,46.48,803.6608037,2.670702179
18:28:13,640,38.40626333,14.96186667,11.93,986.29,100,785.5474522,1.94511703
18:28:15,642,38.40626333,14.96186667,11.84,986.34,46.72,765.5274322,0.493946731
18:28:17,644,38.40626333,14.96186667,11.72,986.38,46.91,765.5274322,1.891041162
18:28:19,646,38.40626333,14.96186667,11.6,986.38,47.22,765.5274322,2.00645682
18:28:21,648,38.40626333,14.96186667,11.49,986.38,47.59,731.2073979,1.688458434
18:28:23,650,38.40625833,14.96182333,11.39,986.27,47.9,731.2073979,0.740920097
18:28:25,652,38.40623333,14.96164167,11.19,986.31,48.22,715.9540493,0.891848265
18:28:27,654,38.4062,14.961435,11.17,986.42,48.34,700.7007007,0.899112187
18:28:29,656,38.40615,14.96124667,11.13,986.52,48.52,700.7007007,1.405972559
18:28:31,658,38.40609667,14.96106833,11.11,986.2,54.8,687.3540207,1.129943503
18:28:33,660,38.40604167,14.96090833,11.29,986.38,57.29,675.9140092,3.265536723
18:28:35,662,38.40603,14.960865,11.44,986.3,100,675.9140092,6.04519774
18:28:37,664,38.40603667,14.96086833,11.55,986.43,59.15,664.4739978,9.492332526
18:28:39,666,38.406035,14.96085833,11.61,986.26,58.31,654.9406549,10.98385795
18:28:41,668,38.40601667,14.96075,11.61,986.42,57.22,654.9406549,12.72962066
18:28:43,670,38.40599167,14.96060167,11.62,986.39,56,647.3139806,13.27280065
18:28:45,672,38.405985,14.96056667,11.64,986.45,56.01,643.5006435,13.38256659
18:28:47,674,38.40598833,14.960565,11.68,986.36,55.54,643.5006435,13.01856336
18:28:49,676,38.40598333,14.960545,11.66,986.24,54.83,643.5006435,13.20581114
18:28:51,678,38.40597167,14.96048333,11.62,986.29,54.55,643.5006435,13.05407587
18:28:53,680,38.40596,14.96043167,11.58,986.4,54.16,643.5006435,12.23083132
18:28:55,682,38.40595667,14.960425,11.46,986.33,52.93,647.3139806,11.5803067
18:28:57,684,38.40595833,14.96041667,11.44,986.47,52.23,653.0339864,11.39870864
18:28:59,686,38.40596,14.96041167,11.36,986.23,52.43,653.0339864,10.34786118
18:29:01,688,38.40596,14.96041,11.36,986.41,52.16,660.6606607,9.783696529
18:29:03,690,38.40596,14.96040833,11.21,986.25,52.18,669.2406692,8.569007264
18:29:05,692,38.40596167,14.96040667,11.26,986.48,51.54,669.2406692,7.882163035
18:29:07,694,38.40596,14.96040667,10.99,986.11,50.46,675.9140092,7.666666667
18:29:09,696,38.40596,14.96040333,10.78,986.42,50.4,679.7273464,4.209039548
18:29:11,698,38.40595833,14.96040167,10.76,986.26,50.87,679.7273464,5.679580307
18:29:13,700,38.40595833,14.96040333,11.06,986.16,51.04,682.5873493,5.075060533
18:29:15,702,38.40595833,14.96040333,11.32,986.01,50.79,681.634015,4.17110573
18:29:17,704,38.40595833,14.96040333,11.57,985.95,50.53,681.634015,4.532687651
18:29:19,706,38.40598167,14.96043167,102.14,-158.67,51.58,678.7740121,3.361581921
18:29:21,708,38.40604167,14.96051833,11.96,985.92,50.33,673.0540064,4.763518967
18:29:23,710,38.40611167,14.96062333,12.08,985.84,50.82,673.0540064,4.445520581
18:29:25,712,38.40614333,14.960665,12.33,985.93,52.16,664.4739978,5.200161421
18:29:27,714,38.40613667,14.960665,12.49,986.47,51.6,655.8939892,6.570621469
18:29:29,716,38.40613,14.96066833,12.56,986.85,48.86,655.8939892,6.717514124
18:29:31,718,38.40612833,14.960685,12.65,987.3,47.14,647.3139806,5.95803067
18:29:33,720,38.40612,14.960695,12.73,987.81,46.35,639.6873064,4.813559322
18:29:35,722,38.40611167,14.9607,12.85,988.15,47.21,639.6873064,3.493139629
18:29:39,726,38.40610833,14.96069667,13.02,988.18,51.33,632.0606321,5.222760291
18:29:41,728,38.40610333,14.960695,13.25,988.42,52.5,627.2939606,6.533494754
18:29:43,730,38.406105,14.960695,13.25,988.42,46.68,622.5272892,8.05488297
18:29:45,732,38.406105,14.960695,13.21,988.46,46.98,619.6672863,7.450363196
18:29:47,734,38.406105,14.960695,13.46,988.43,53.11,619.6672863,9.105730428
18:29:49,736,38.406105,14.960695,13.4,988.52,47.54,618.713952,9.405165456
18:29:51,738,38.406105,14.960695,13.5,988.42,47.44,617.7606178,9.342211461
18:29:53,740,38.406105,14.960695,13.61,988.47,49.39,617.7606178,9.966101695
18:29:55,742,38.406105,14.960695,13.56,988.32,47,616.8072835,10.19693301
18:29:57,744,38.40610333,14.960695,13.71,988.48,47.52,616.8072835,9.736077482
18:29:59,746,38.406105,14.960695,13.75,988.34,51.01,616.8072835,10.11702986
18:30:01,748,38.40614333,14.960745,13.96,988.61,52.54,616.8072835,11.87651332
18:30:03,750,38.40618667,14.96080333,14.19,988.68,56.85,618.713952,13.70217918
18:30:05,752,38.40618833,14.96080167,14.12,988.39,57.23,618.713952,16.23325262
18:30:07,754,38.40619,14.96080333,14.09,988.44,53.93,622.5272892,16.46489104
18:30:09,756,38.40619167,14.96080667,14.11,988.55,49.36,629.2006292,16.46811945
18:30:11,758,38.40619,14.9608,14.19,988.5,48.81,629.2006292,16.45601291
18:30:13,760,38.40619,14.960795,14.28,988.48,47.54,639.6873064,13.91525424
18:30:15,762,38.40619167,14.96079333,14.2,988.39,46.62,651.1273178,11.42211461
18:30:17,764,38.40619167,14.96078833,14.32,988.49,47.26,651.1273178,11.77966102
18:30:19,766,38.40619333,14.96078667,14.14,988.21,46.76,665.4273321,10.78934625
18:30:21,768,38.406205,14.96075833,14.36,987.07,48.86,679.7273464,9.721549637
18:30:23,770,38.40624,14.96071,14.36,985.7,47.98,679.7273464,9.266343826
18:30:25,772,38.40626667,14.96067667,14.37,984.21,46.52,693.0740264,8.90960452
18:30:27,774,38.40627,14.96068833,14.25,982.74,45.11,704.5140378,8.693301049
18:30:29,776,38.406285,14.96068,14.3,982.3,43.78,704.5140378,7.523809524
18:30:31,778,38.40628333,14.96068333,14.06,982.43,43.74,712.1407121,7.181598063
18:30:33,780,38.40627667,14.96069167,13.87,982.44,43.86,715.9540493,6.486682809
18:30:35,782,38.40627167,14.960695,13.18,982.58,43.92,715.9540493,4.97094431
18:30:37,784,38.40626833,14.9607,12.67,982.54,44.87,715.9540493,5.10330912
18:30:39,786,38.40626667,14.9607,12.48,982.54,46.79,713.0940464,4.597255851
18:30:41,788,38.406275,14.960735,12.32,982.95,48.03,713.0940464,4.422114609
18:30:43,790,38.40628,14.96077167,12.34,983.99,49.76,705.4673721,5.15496368
18:30:47,794,38.40627167,14.96077833,12.03,984.7,49.29,697.8406978,5.725585149
18:30:49,796,38.40626333,14.96079167,12.02,986.13,48.7,697.8406978,5.677966102
18:30:51,798,38.40623,14.96079167,11.92,987.68,50.6,680.6806807,5.268765133
18:30:53,800,38.40622,14.960785,11.86,988.12,49.88,680.6806807,5.288942696
18:30:55,802,38.40621,14.96078333,11.79,988.23,50.55,674.0073407,4.849071832
18:30:57,804,38.40619333,14.96081333,11.86,988.25,51.12,667.3340007,5.037933818
18:30:59,806,38.40615167,14.96093833,11.79,988.1,51.71,667.3340007,5.215496368
18:31:01,808,38.40610167,14.96109667,11.97,988.18,55.02,661.6139949,6.413236481
18:31:03,810,38.40607667,14.96118,12,988.43,54.68,661.6139949,8.131557708
18:31:05,812,38.40611167,14.96119,11.94,988.3,54.08,656.8473235,8.986279257
18:31:07,814,38.40613,14.96119833,12.35,988.31,61.67,653.9873207,10.10976594
18:31:09,816,38.406135,14.9612,12.59,988.43,66.31,653.9873207,15.05004036
18:31:11,818,38.40613333,14.96120167,12.45,988.37,60.27,653.9873207,16.45843422
18:31:13,820,38.40613333,14.96120167,12.33,988.28,56.76,656.8473235,16.46811945
18:31:15,822,38.40613333,14.96120167,12.62,988.36,60.27,656.8473235,16.45439871
18:31:17,824,38.40613333,14.96120167,12.42,988.38,53.48,662.5673292,16.45359161
18:31:19,826,38.40613333,14.96120167,12.44,988.32,52,670.1940035,16.1275222
18:31:21,828,38.40613333,14.96120167,12.5,988.22,55.2,670.1940035,14.85310734
18:31:23,830,38.40613333,14.96120167,12.49,988.09,57.48,679.7273464,15.3535109
18:31:25,832,38.40613333,14.96120333,12.58,988.24,56.22,691.1673578,15.41404358
18:31:27,834,38.406115,14.96132833,12.47,988.04,53.19,691.1673578,14.5173527
18:31:29,836,38.406075,14.96152833,12.55,988.17,53.42,703.5607036,13.65213882
18:31:31,838,38.406015,14.96173333,12.47,987.99,53.81,714.0473807,13.25020178
18:31:33,840,38.40593833,14.9619,12.36,988.11,51.07,714.0473807,12.23648103
18:31:35,842,38.40587,14.96200667,12.31,988.38,49.82,721.674055,11.24778047
18:31:37,844,38.40584333,14.96200667,11.98,987.61,48.85,726.4407264,9.114608555
18:31:39,846,38.40583667,14.96198667,11.68,986.42,48.8,726.4407264,7.640839387
18:31:41,848,38.405815,14.96202667,11.4,-134.55,49.1,729.3007293,4.182405165
18:31:43,850,38.405735,14.96214167,11.28,1260.27,49.33,728.347395,2.456012914
18:31:45,852,38.40564667,14.96229667,11.04,986.24,49.47,728.347395,4.679580307
18:31:47,854,38.40556167,14.96248667,10.89,986.2,49.74,723.5807236,4.843422115
18:31:49,856,38.40547667,14.9627,10.74,986.15,49.93,714.0473807,1.147699758
18:31:51,858,38.405375,14.96293667,10.56,985.9,50.22,714.0473807,2.657788539
18:31:53,860,38.40527,14.963155,10.49,985.49,50.39,701.654035,2.986279257
18:31:57,864,38.40522,14.96326167,10.44,985.78,50.53,687.3540207,2.509281679
18:31:59,866,38.40521833,14.96327833,10.77,985.58,50.25,687.3540207,2.347054076
18:32:01,868,38.40522667,14.96327333,11.13,985.51,49.46,672.1006721,1.842615012
18:32:03,870,38.40522667,14.96327333,11.2,-134.55,47.4,655.8939892,1.410815174
18:32:05,872,38.40522667,14.96327333,11.29,985.5,49.27,639.6873064,1.581113801
18:32:07,874,38.40522667,14.96327333,11.27,985.54,49.26,624.4339578,0.786924939
18:32:09,876,38.40522667,14.96327333,11.22,985.62,49.11,624.4339578,1.434221146
18:32:11,878,38.40522667,14.96327333,11.2,985.52,48.86,612.9939463,0.02259887
18:32:13,880,38.40526167,14.96315667,11.31,985.5,48.81,602.5072692,0.511702986
18:32:15,882,38.40534167,14.96286667,11.32,985.47,48.8,602.5072692,0.99677159
18:32:17,884,38.40542333,14.96255167,11.37,985.45,46.81,594.8805949,0.066989508
18:32:19,886,38.40549833,14.962225,11.39,985.52,49.03,587.2539206,1.422114609
18:32:21,888,38.40557667,14.961895,11.35,985.49,49.02,587.2539206,1.292171106
18:32:23,890,38.40567333,14.961595,11.38,985.51,48.8,582.4872492,1.384987893
18:32:25,892,38.405805,14.96135,11.48,985.38,48.58,576.7672434,1.230024213
18:32:27,894,38.40596833,14.96116667,11.7,985.25,48.27,576.7672434,1.617433414
18:32:29,896,38.406155,14.96099833,11.94,985.21,47.77,570.0939034,0.539951574
18:32:31,898,38.40634833,14.96080833,12.01,985.13,47.49,562.4672291,1.417271994
18:32:33,900,38.40654667,14.96062167,12.16,985.12,47.28,562.4672291,0.788539144
18:32:35,902,38.40673,14.96045333,12.2,985.28,47.07,552.9338863,0.764326069
18:32:37,904,38.40676167,14.96042333,12.25,985.26,46.98,543.4005434,0.99031477
18:32:39,906,38.406755,14.96043167,12.29,985.2,46.87,543.4005434,0.652945924
18:32:41,908,38.40675333,14.960435,12.34,985.28,46.73,534.8205348,0.558514931
18:32:43,910,38.40675333,14.96043833,12.42,985.29,46.63,526.2405262,-0.564971751
18:32:45,912,38.40676,14.960435,12.43,985.41,46.43,526.2405262,0.514931396
18:32:47,914,38.40680667,14.960395,12.4,985.19,46.46,520.5205205,1.276836158
18:32:49,916,38.40688833,14.96032333,12.43,985.06,46.37,514.8005148,0.472154964
18:32:51,918,38.40699667,14.96022833,12.59,985.2,46.23,514.8005148,1.056497175
18:32:53,920,38.40713667,14.960105,12.66,985.01,45.99,511.9405119,0.912025827
18:32:55,922,38.40730333,14.95995667,12.81,985.06,45.76,508.1271748,0.264729621
18:32:57,924,38.407495,14.95979,12.7,984.8,45.52,508.1271748,0.496368039
18:32:59,926,38.40769833,14.95961167,12.93,985.03,45.41,505.2671719,0.827280065
18:33:01,928,38.40790667,14.95943333,12.88,984.84,45.27,502.4071691,0.732849072
18:33:03,930,38.40811167,14.95925667,13,984.97,45.16,502.4071691,1.030669895
18:33:05,932,38.40832,14.95908,13.02,984.95,45.07,498.5938319,0.07102502
18:33:07,934,38.40852667,14.958905,13.05,984.96,45.01,493.8271605,0.631154157
18:33:09,936,38.408735,14.95872667,13.09,984.96,44.74,493.8271605,0.994350282
18:33:11,938,38.40894333,14.95855,13.08,984.94,44.54,489.0604891,0.368845843
18:33:13,940,38.40914833,14.958375,13.11,984.97,44.55,484.2938176,0.820823245
18:33:15,942,38.40935333,14.9582,13.05,984.8,44.48,484.2938176,-0.406779661
18:33:17,944,38.40956,14.95802167,13.13,984.86,44.53,479.5271462,0.476997579
18:33:19,946,38.409765,14.95785167,12.99,985.2,44.42,475.713809,0.924939467
18:33:21,948,38.40995667,14.95770333,13.1,986.43,44.42,475.713809,0.376109766
18:33:23,950,38.41016167,14.957535,12.91,987.14,44.48,472.8538062,0.567393059
18:33:25,952,38.41036167,14.95737333,13.07,988.6,44.35,470.9471376,0.101694915
18:33:27,954,38.41057333,14.95719,13.06,989.66,44.54,470.9471376,0.152542373
18:33:29,956,38.410785,14.95700667,13.06,990.76,44.71,469.9938033,0.326876513
18:33:31,958,38.41099667,14.95682333,13.06,991.94,44.65,469.9938033,0.240516546
18:33:33,960,38.41121,14.95664,13,992.88,44.6,469.9938033,0.181598063
18:33:35,962,38.41142333,14.95645833,13.08,994.07,44.5,469.9938033,0.589184826
18:33:37,964,38.41162833,14.956285,13.04,995.13,44.22,469.9938033,-0.058918483
18:33:39,966,38.41184,14.95610167,13.1,996.39,44.05,469.9938033,0.464083939
18:33:41,968,38.41205333,14.95591833,13.13,997.51,43.74,469.040469,0.648103309
18:33:43,970,38.41225667,14.95574667,13.15,998.44,43.63,469.040469,0.050847458
18:33:45,972,38.41246833,14.95556833,13.13,999.58,43.57,469.040469,0.619854722
18:33:47,974,38.41268167,14.955385,13.22,1000.66,43.47,469.040469,0.10653753
18:33:49,976,38.41289333,14.95520333,13.24,1001.79,43.33,469.9938033,0.065375303
18:33:51,978,38.41310667,14.95502167,13.33,1002.93,43.27,469.9938033,0.397094431
18:33:53,980,38.41331833,14.95484,13.38,1004.07,43.12,470.9471376,0.249394673
18:33:55,982,38.41353167,14.95465667,13.43,1005.14,42.88,471.9004719,0.443906376
18:33:57,984,38.41374333,14.95447833,13.49,1006.26,42.67,471.9004719,0.577885391
18:33:59,986,38.413945,14.95430667,13.55,1007.34,42.54,474.7604748,0.375302663
18:34:01,988,38.41413167,14.95414833,13.6,1008.47,42.46,476.6671433,0.370460048
18:34:03,990,38.414295,14.95401333,13.65,1009.36,42.65,476.6671433,0.450363196
18:34:05,992,38.414455,14.95387833,13.73,1010.43,42.47,478.5738119,0.159806295
18:34:07,994,38.4146,14.95375333,13.81,1011.23,42.41,480.4804805,0.256658596
18:34:09,996,38.41473167,14.95363833,13.88,1012.05,41.89,480.4804805,0.249394673
18:34:11,998,38.41483833,14.95354667,13.84,1013.02,41.58,481.4338148,0.304277643
18:34:13,1000,38.41491667,14.95347667,13.83,1014.21,41.28,482.3871491,-0.042776433
18:34:15,1002,38.41498167,14.95341,14.01,1015.19,40.97,482.3871491,0.237288136
18:34:17,1004,38.41503833,14.95334833,14.1,1016.15,40.82,484.2938176,0.346246973
18:34:19,1006,38.41508667,14.953305,14.09,1016.61,40.66,485.2471519,0.043583535
18:34:21,1008,38.41513,14.953275,14.22,1017.32,40.49,485.2471519,0.387409201
18:34:23,1010,38.41514333,14.953285,14.25,1017.68,40.19,486.2004862,0.356739306
18:34:25,1012,38.415145,14.95329333,14.45,1018.13,39.99,487.1538205,-0.088781275
18:34:27,1014,38.41514,14.953295,14.12,1018.08,40.15,487.1538205,0.376109766
18:34:33,1020,38.41514,14.95329333,14.09,1018.21,40.23,488.1071548,-0.09362389
18:34:35,1022,38.41514,14.95329333,14.02,1018.16,40.26,489.0604891,0.339790153
18:34:37,1024,38.41514,14.95329333,184.42,-135.05,34.52,490.9671576,-0.305084746
18:34:39,1026,38.41514,14.95329333,14.11,1018.07,40.08,490.9671576,-0.04196933
18:34:41,1028,38.41514,14.95329333,14.2,1018.22,39.96,491.9204919,0.212267958
18:34:43,1030,38.41514,14.95329333,14.16,1018.23,39.96,491.9204919,0.564971751
18:34:45,1032,38.41514,14.95329333,13.91,1017.96,40.4,492.8738262,0.553672316
18:34:47,1034,38.41514,14.95329333,14.17,1018.24,40.11,494.7804948,-0.311541566
18:34:49,1036,38.41514,14.95329333,14.24,1018.2,39.88,494.7804948,0.656981437
18:34:51,1038,38.41514,14.95329333,14.26,1018.26,39.72,494.7804948,0.753833737
18:34:53,1040,38.415135,14.95329333,14.22,1018.57,39.68,494.7804948,0.044390638
18:34:55,1042,38.415135,14.95329333,14.21,1018.93,39.72,494.7804948,0.725585149
18:34:57,1044,38.415135,14.95329333,14.22,1019.45,40.51,495.7338291,0.373688458
18:34:59,1046,38.415135,14.95329333,14.25,1020.01,40.87,495.7338291,0.170298628
18:35:01,1048,38.415135,14.95329333,14.07,1020,41.18,495.7338291,0.739305892
18:35:03,1050,38.415135,14.95329333,14.33,1021.08,41.12,495.7338291,0.336561743
18:35:05,1052,38.415135,14.95329333,14.39,1021.38,41.21,494.7804948,0.100887813
18:35:07,1054,38.415135,14.95329333,14.45,1021.68,41.21,494.7804948,0.336561743
18:35:09,1056,38.415135,14.95329333,14.48,1021.65,41.15,494.7804948,-0.564971751
18:35:11,1058,38.415135,14.95329333,14.64,1021.69,41.03,494.7804948,0.446327684
18:35:13,1060,38.41513667,14.95329833,14.63,1021.7,40.59,494.7804948,0.732041969
18:35:15,1062,38.41513667,14.95329833,14.63,1021.53,40.37,495.7338291,0.416464891
18:35:17,1064,38.41513667,14.95329833,14.69,1021.7,40.29,496.6871634,0.292171106
18:35:19,1066,38.41513667,14.95329833,14.72,1021.83,40.29,496.6871634,0.104923325
18:35:21,1068,38.41513667,14.95329833,14.77,1021.77,40.26,498.5938319,0.075867635
18:35:23,1070,38.41513667,14.95329833,14.85,1022.01,40.27,500.5005005,0.376916868
18:35:25,1072,38.41513667,14.95329833,14.72,1021.96,40.48,500.5005005,0.689265537
18:35:27,1074,38.41513667,14.95329833,14.78,1022,42.28,503.3605034,0.485068604
18:35:29,1076,38.41513667,14.95329833,14.82,1022.04,46.12,505.2671719,0.547215496
18:35:31,1078,38.41513667,14.95329833,14.82,1022.07,44.3,505.2671719,0.356739306
18:35:33,1080,38.41513667,14.95329833,14.85,1022.12,42.37,506.2205062,0.297820823
18:35:35,1082,38.41513667,14.95329833,15.02,1022.12,41.62,506.2205062,0.368038741
18:35:37,1084,38.41513667,14.95329833,15.36,1022.1,41.13,506.2205062,0.319612591
18:35:39,1086,38.41513667,14.95329833,15.66,1022.11,40.6,505.2671719,0.268765133
18:35:41,1088,38.41513667,14.95329833,15.71,1022.17,40.11,504.3138376,0.273607748
18:35:43,1090,38.41513667,14.95329833,15.74,1022.17,39.75,504.3138376,0.200968523
18:35:45,1092,38.41513667,14.95329833,15.67,1022.13,39.61,502.4071691,0.182405165
